IDs scores
100366 
100558 
100189 
100964 
100018 
100303 
100657 
100354 
100346 
100072 
100419 
100591 
100205 
100379 
100911 
100478 
100787 
100041 
100522 
100084 
100807 
100432 
100452 
100047 
100969 
100844 
100356 
100424 
100322 
100629 
100816 
100015 
100468 
100958 
100320 
100329 
100973 
100466 
100622 
100551 
100118 
100066 
100939 
100044 
100581 
100171 
100978 
100802 
100417 
100360 
100465 
100921 
100721 
100342 
100358 
100029 
100292 
100397 
100542 
100858 
100910 
100161 
100078 
100892 
100601 
100877 
100136 
100919 
100357 
100781 
100085 
100093 
100621 
100339 
100849 
100836 
100506 
100372 
100457 
100943 
100306 
100416 
100828 
100933 
100142 
100174 
100757 
100147 
100013 
100741 
100623 
100543 
100624 
100561 
100163 
100718 
100772 
100270 
100186 
100247 
100785 
100972 
100875 
100879 
100420 
100434 
100750 
100400 
100308 
100533 
100195 
100646 
100963 
100923 
100632 
100042 
100907 
100891 
100717 
100885 
100461 
100769 
100408 
100092 
100365 
100139 
100982 
100554 
100737 
100344 
100271 
100378 
100476 
100459 
100819 
100749 
100411 
100706 
100194 
100715 
100838 
100024 
100283 
100848 
100863 
100695 
100693 
100896 
100774 
100114 
100926 
100104 
100901 
100362 
100008 
100375 
100955 
100135 
100517 
100729 
100265 
100006 
100507 
100950 
100196 
100639 
100679 
100154 
100719 
100145 
100677 
100829 
100960 
100059 
100615 
100808 
100202 
100861 
100129 
100884 
100253 
100511 
100532 
100441 
100175 
100332 
100383 
100676 
100284 
100302 
100628 
100980 
100854 
100491 
100845 
100213 
100473 
100055 
100080 
100821 
100102 
100658 
100418 
100151 
100168 
100748 
100934 
100613 
100121 
100043 
100384 
100640 
100789 
100158 
100539 
100574 
100385 
100607 
100298 
100352 
100643 
100429 
100338 
100669 
100705 
100056 
100874 
100064 
100090 
100765 
100137 
100449 
100103 
100560 
100883 
100367 
100094 
100637 
100609 
100086 
100683 
100305 
100124 
100994 
100116 
100631 
100242 
100776 
100835 
100211 
100599 
100937 
100437 
100177 
100229 
100805 
100803 
100672 
100112 
100990 
100363 
100579 
100568 
100001 
100899 
100606 
100548 
100652 
100389 
100204 
100097 
100602 
100985 
100285 
100191 
100804 
100348 
100474 
100393 
100798 
100840 
100508 
100004 
100232 
100445 
100462 
100881 
100243 
100107 
100710 
100033 
100355 
100898 
100471 
100670 
100866 
100587 
100685 
100333 
100954 
100447 
100386 
100087 
100376 
100359 
100782 
100349 
100638 
100156 
100795 
100530 
100582 
100586 
100822 
100304 
100110 
100463 
100234 
100527 
100897 
100873 
100312 
100176 
100036 
100597 
100323 
100666 
100264 
100347 
100351 
100536 
100559 
100727 
100178 
100486 
100485 
100155 
100827 
100267 
100917 
100046 
100567 
100278 
100182 
100813 
100797 
100723 
100687 
100460 
100206 
100625 
100310 
100647 
100635 
100865 
100702 
100440 
100255 
100128 
100451 
100014 
100032 
100648 
100123 
100692 
100477 
100924 
100649 
100608 
100010 
100170 
100725 
100374 
100991 
100038 
100458 
100493 
100119 
100179 
100131 
100932 
100409 
100514 
100946 
100770 
100630 
100843 
100760 
100277 
100406 
100239 
100250 
100193 
100663 
100350 
100216 
100537 
100207 
100742 
100289 
100616 
100947 
100371 
100890 
100068 
100448 
100659 
100984 
100390 
100167 
100662 
100611 
100497 
100931 
100148 
100686 
100775 
100557 
100031 
100562 
100869 
100062 
100550 
100343 
100146 
100373 
100134 
100957 
100316 
100734 
100886 
100214 
100217 
100141 
100777 
100967 
100111 
100165 
100818 
100252 
100547 
100144 
100806 
100823 
100428 
100826 
100504 
100415 
100492 
100401 
100392 
100436 
100792 
100233 
100864 
100690 
100544 
100500 
100575 
100095 
100345 
100691 
100052 
100738 
100535 
100711 
100928 
100862 
100260 
100605 
100246 
100273 
100598 
100655 
100133 
100226 
100443 
100889 
100512 
100340 
100791 
100745 
100488 
100703 
100938 
100673 
100063 
100100 
100709 
100499 
100481 
100106 
100099 
100227 
100053 
100091 
100594 
100989 
100810 
100842 
100916 
100887 
100020 
100744 
100224 
100203 
100788 
100859 
100790 
100600 
100241 
100768 
100518 
100569 
100704 
100472 
100526 
100876 
100758 
100761 
100067 
100538 
100040 
100164 
100282 
100678 
100464 
100846 
100966 
100812 
100425 
100280 
100571 
100027 
100254 
100321 
100784 
100752 
100698 
100237 
100294 
100940 
100076 
100801 
100274 
100870 
100030 
100402 
100656 
100009 
100159 
100019 
100667 
100993 
100494 
100541 
100906 
100341 
100364 
100467 
100269 
100671 
100585 
100187 
100245 
100915 
100079 
100475 
100244 
100534 
100634 
100680 
100997 
100942 
100051 
100783 
100618 
100684 
100739 
100593 
100654 
100564 
100614 
100394 
100180 
100962 
100841 
100644 
100045 
100259 
100589 
100851 
100545 
100951 
100509 
100970 
100572 
100815 
100126 
100510 
100337 
100565 
100231 
100173 
100763 
100279 
100555 
100820 
100291 
100830 
100531 
100414 
100724 
100361 
100222 
100456 
100732 
100454 
100872 
100210 
100660 
100700 
100166 
100941 
100596 
100421 
100664 
100834 
100627 
100930 
100309 
100833 
100230 
100143 
100922 
100888 
100188 
100552 
100708 
100944 
100197 
100221 
100398 
100577 
100694 
100780 
100395 
100519 
100028 
100324 
100410 
100746 
100675 
100743 
100048 
100071 
100181 
100083 
100391 
100799 
100297 
100275 
100515 
100169 
100771 
100796 
100925 
100764 
100073 
100311 
100336 
100524 
100017 
100261 
100860 
100895 
100122 
100754 
100936 
100335 
100696 
100315 
100908 
100281 
100407 
100513 
100794 
100701 
100975 
100909 
100681 
100208 
100961 
100238 
100971 
100353 
100331 
100759 
100996 
100198 
100446 
100487 
100455 
100852 
100002 
100192 
100620 
100773 
100016 
100793 
100223 
100832 
100767 
100751 
100855 
100132 
100334 
100603 
100225 
100220 
100039 
100546 
100976 
100115 
100489 
100125 
100968 
100501 
100314 
100479 
100442 
100160 
100730 
100755 
100065 
100149 
100516 
100999 
100707 
100987 
100388 
100012 
100956 
100495 
100747 
100263 
100786 
100075 
100199 
100528 
100299 
100088 
100713 
100011 
100422 
100779 
100521 
100387 
100651 
100619 
100920 
100307 
100905 
100023 
100645 
100965 
100435 
100209 
100251 
100236 
100735 
100720 
100287 
100037 
100914 
100814 
100714 
100300 
100098 
100682 
100699 
100903 
100900 
100825 
100005 
100839 
100867 
100469 
100228 
100688 
100556 
100831 
100653 
100022 
100109 
100082 
100444 
100610 
100756 
100061 
100248 
100453 
100505 
100740 
100913 
100584 
100595 
100668 
100927 
100697 
100520 
100325 
100190 
100431 
100986 
100426 
100272 
100952 
100689 
100257 
100850 
100948 
100847 
100070 
100525 
100117 
100882 
100894 
100983 
100490 
100313 
100262 
100153 
100152 
100296 
100382 
100105 
100650 
100319 
100219 
100412 
100293 
100484 
100184 
100549 
100200 
100058 
100150 
100301 
100108 
100661 
100573 
100893 
100326 
100811 
100753 
100327 
100762 
100113 
100438 
100674 
100470 
100089 
100096 
100050 
100902 
100034 
100641 
100974 
100578 
100256 
100642 
100185 
100824 
100904 
100268 
100716 
100590 
100588 
100380 
100592 
100604 
100396 
100054 
100480 
100140 
100130 
100665 
100369 
100120 
100286 
100529 
100726 
100722 
100580 
100977 
100731 
100483 
100959 
100021 
100218 
100880 
100295 
100502 
100945 
100138 
100626 
100857 
100878 
100583 
100998 
100427 
100995 
100570 
100736 
100183 
100266 
100026 
100249 
100636 
100127 
100988 
100853 
100617 
100612 
100817 
100566 
100712 
100953 
100800 
100318 
100837 
100101 
100003 
100074 
100405 
100450 
100871 
100330 
100778 
100766 
100201 
100212 
100498 
100290 
100496 
100025 
100368 
100423 
100060 
100935 
100049 
100328 
100979 
100370 
100081 
100503 
100157 
100377 
100240 
100912 
100540 
100172 
100433 
100553 
100563 
100403 
100069 
100439 
100288 
100215 
100949 
100276 
100523 
100235 
100430 
100856 
100868 
100809 
100728 
100482 
100733 
100981 
100992 
100000 
100404 
100576 
100399 
100077 
100035 
100317 
100929 
100413 
100633 
100007 
100057 
100381 
100258 
100918 
100162 
