IDs avgscores
100000 0.9999529821
100001 0.204573208678
100002 0.512659664266
100003 0.939963736166
100004 0.215170161389
100005 0.637754611631
100006 0.159015222873
100007 0.999995890508
100008 0.157530407159
100009 0.358320887065
100010 0.25548624969
100011 0.583825146146
100012 0.556424414063
100013 0.124642494693
100014 0.252881974257
100015 0.0905538571089
100016 0.514450498467
100017 0.470469935563
100018 0.0505292202175
100019 0.360477707275
100020 0.325389628407
100021 0.870307394569
100022 0.659191280971
100023 0.602132632979
100024 0.150734831031
100025 0.974265140932
100026 0.903714918236
100027 0.349955087043
100028 0.445064928879
100029 0.106813150374
100030 0.357280701433
100031 0.282096423973
100032 0.253614721497
100033 0.217771945206
100034 0.790714964319
100035 0.999982310868
100036 0.235529359855
100037 0.622598605373
100038 0.256250127107
100039 0.535717109728
100040 0.341558707666
100041 0.080787888284
100042 0.138380722209
100043 0.180191162453
100044 0.0978465014939
100045 0.38617805777
100046 0.243769728358
100047 0.0832822989365
100048 0.451487964721
100049 0.983422337233
100050 0.788545746594
100051 0.374738858475
100052 0.303282489416
100053 0.32062361355
100054 0.830142390633
100055 0.173118161393
100056 0.18871016156
100057 0.999996982217
100058 0.760193851335
100059 0.164244386983
100060 0.976206550952
100061 0.666098155898
100062 0.283135592919
100063 0.317622536329
100064 0.189273617691
100065 0.54989777159
100066 0.0968322235234
100067 0.340140412897
100068 0.274182830403
100069 0.99621707717
100070 0.722830528646
100071 0.451720584492
100072 0.0649587370203
100073 0.467969613183
100074 0.944085287712
100075 0.567098175321
100076 0.355237682746
100077 0.999973316685
100078 0.111357010434
100079 0.371905243033
100080 0.173135019995
100081 0.986151985956
100082 0.66370651938
100083 0.454383242904
100084 0.0815005401597
100085 0.116979256581
100086 0.193780165228
100087 0.223262914784
100088 0.578133729421
100089 0.781161861845
100090 0.189337810469
100091 0.320878098809
100092 0.144119737081
100093 0.117227697877
100094 0.192657185744
100095 0.302024794563
100096 0.787817344226
100097 0.206517705629
100098 0.632003649586
100099 0.320284009512
100100 0.31789382709
100101 0.939758100238
100102 0.1746392156
100103 0.191328743362
100104 0.155646408021
100105 0.74067245068
100106 0.320081120813
100107 0.21706828536
100108 0.762743048112
100109 0.661979190686
100110 0.231895548964
100111 0.289840436355
100112 0.201869781478
100113 0.771758413361
100114 0.155008800367
100115 0.5384771321
100116 0.196173541687
100117 0.728823916121
100118 0.0959466724761
100119 0.256763436158
100120 0.856062365052
100121 0.180039148
100122 0.476992085722
100123 0.253862571677
100124 0.194214786572
100125 0.540735376287
100126 0.396193409776
100127 0.916191344946
100128 0.25261112943
100129 0.168087740126
100130 0.842029509931
100131 0.257084429481
100132 0.526200550883
100133 0.311575275717
100134 0.284989080085
100135 0.158213412953
100136 0.114953481991
100137 0.191202680831
100138 0.888925522719
100139 0.145631567509
100140 0.83629228577
100141 0.2875422021
100142 0.123564674556
100143 0.428544147327
100144 0.2935172238
100145 0.160695275175
100146 0.28372395714
100147 0.124396169143
100148 0.279992857208
100149 0.550048874061
100150 0.760744057947
100151 0.176394378735
100152 0.739028559469
100153 0.738542319723
100154 0.16051703996
100155 0.24005213533
100156 0.224867999425
100157 0.986395332332
100158 0.182156797393
100159 0.358823086345
100160 0.549309565414
100161 0.11114673533
100162 1.0
100163 0.126367809333
100164 0.342823517301
100165 0.290751038959
100166 0.415236091452
100167 0.276298604928
100168 0.177702753906
100169 0.462589431169
100170 0.255625346593
100171 0.0985702957267
100172 0.994965392241
100173 0.400101337883
100174 0.123797036139
100175 0.168900290045
100176 0.234719593296
100177 0.200141140934
100178 0.238918764586
100179 0.256889237147
100180 0.381680898895
100181 0.452688142009
100182 0.244888138316
100183 0.901991570187
100184 0.753254369411
100185 0.811686078788
100186 0.128612244577
100187 0.369946632472
100188 0.430894710886
100189 0.0307461321115
100190 0.698485624126
100191 0.210876720916
100192 0.51371904279
100193 0.263970824095
100194 0.149764963523
100195 0.135263745253
100196 0.159927128278
100197 0.436076623766
100198 0.50380331168
100199 0.574546028612
100200 0.757559822191
100201 0.959596456202
100202 0.166870875137
100203 0.326531313596
100204 0.206312344506
100205 0.0723622694086
100206 0.249379937846
100207 0.268668884525
100208 0.491229172075
100209 0.615451633574
100210 0.409910635403
100211 0.198876346861
100212 0.96495964264
100213 0.172807961404
100214 0.28629181218
100215 0.997475062187
100216 0.266564048473
100217 0.286456459825
100218 0.87650459947
100219 0.74484518951
100220 0.534531386093
100221 0.438120856551
100222 0.40408505585
100223 0.518105569878
100224 0.325487084445
100225 0.532727326772
100226 0.311650761866
100227 0.32058750235
100228 0.650301846408
100229 0.20023653091
100230 0.425575603706
100231 0.398404569727
100232 0.215301853944
100233 0.298661753228
100234 0.232171045395
100235 0.999136185156
100236 0.618755749416
100237 0.352681189923
100238 0.493482855054
100239 0.262635482939
100240 0.991531714315
100241 0.331966575386
100242 0.196428650261
100243 0.217064492658
100244 0.372547979487
100245 0.370029453878
100246 0.309895494799
100247 0.129059722884
100248 0.667198485647
100249 0.907874965935
100250 0.263888549056
100251 0.616001024066
100252 0.292303570462
100253 0.168575787743
100254 0.350995270034
100255 0.252006636804
100256 0.799627934263
100257 0.717047357987
100258 0.999999483986
100259 0.386406745313
100260 0.308673751097
100261 0.474674291389
100262 0.738141494332
100263 0.564317640023
100264 0.236560808634
100265 0.158893765962
100266 0.902504036255
100267 0.242828235218
100268 0.820662692121
100269 0.369310235995
100270 0.128122193579
100271 0.147108037928
100272 0.707750130744
100273 0.310631349788
100274 0.356261791394
100275 0.46014106696
100276 0.998095184484
100277 0.260706212554
100278 0.244811173624
100279 0.400377002739
100280 0.348072359892
100281 0.482236750497
100282 0.342873860769
100283 0.150875537804
100284 0.170384187757
100285 0.210659146236
100286 0.856238594687
100287 0.621706658563
100288 0.996958844587
100289 0.270323325953
100290 0.967515572058
100291 0.400963025574
100292 0.107600085287
100293 0.751428968328
100294 0.35342297111
100295 0.883083870731
100296 0.739190369022
100297 0.459695350269
100298 0.186086915033
100299 0.577184905957
100300 0.631769538581
100301 0.762072184594
100302 0.170979062933
100303 0.0515400200622
100304 0.231211169488
100305 0.194133248933
100306 0.119674135574
100307 0.598502922802
100308 0.134873131276
100309 0.422806023516
100310 0.250380845833
100311 0.468830948726
100312 0.234479074924
100313 0.737208775364
100314 0.544357374728
100315 0.47998934596
100316 0.285153156491
100317 0.999984807805
100318 0.93600818986
100319 0.744141149974
100320 0.091183071379
100321 0.351066080155
100322 0.0859375046913
100323 0.235729569182
100324 0.445308191919
100325 0.697836648048
100326 0.765098603429
100327 0.770197259968
100328 0.983617664668
100329 0.0912097431474
100330 0.952114588673
100331 0.495439042503
100332 0.16948162427
100333 0.221979110043
100334 0.527169476226
100335 0.478751615024
100336 0.46906892877
100337 0.397563479177
100338 0.187704048991
100339 0.117450399691
100340 0.312753810892
100341 0.368698546618
100342 0.105568120685
100343 0.283547064299
100344 0.146977430448
100345 0.302244879634
100346 0.062497626354
100347 0.236732673605
100348 0.211396132116
100349 0.22445684812
100350 0.265090451018
100351 0.237891079096
100352 0.186412400828
100353 0.495181019788
100354 0.0566626326004
100355 0.218317803749
100356 0.085113712553
100357 0.116047600645
100358 0.106642971219
100359 0.224317072818
100360 0.100082806073
100361 0.404062284235
100362 0.157075961057
100363 0.202623138196
100364 0.368904959334
100365 0.144285046279
100366 0.0084026066218
100367 0.19234623037
100368 0.974383216915
100369 0.8550535834
100370 0.986065780829
100371 0.273575581697
100372 0.118594135085
100373 0.283770215022
100374 0.255996304015
100375 0.157649907888
100376 0.224281342683
100377 0.990316611995
100378 0.147339605059
100379 0.0726192203087
100380 0.825493767671
100381 0.999997614099
100382 0.739243292521
100383 0.169660211067
100384 0.180881982748
100385 0.185352918617
100386 0.223218930544
100387 0.589843742289
100388 0.555576105538
100389 0.206223924361
100390 0.275308351265
100391 0.455871330626
100392 0.297301531584
100393 0.212021174791
100394 0.381504387555
100395 0.443991769143
100396 0.828591899262
100397 0.107663966798
100398 0.440669312613
100399 0.999973075646
100400 0.134535350565
100401 0.296699190216
100402 0.357913271315
100403 0.996182898151
100404 0.999956102188
100405 0.946214658846
100406 0.261255522154
100407 0.482377057918
100408 0.144088728099
100409 0.257779228536
100410 0.448342920781
100411 0.149748575817
100412 0.747948271204
100413 0.999987814772
100414 0.401580334599
100415 0.295523183789
100416 0.119727744911
100417 0.0994775531613
100418 0.175941686774
100419 0.0676068141545
100420 0.131081947543
100421 0.417125911134
100422 0.587741429928
100423 0.974906842941
100424 0.0859328525753
100425 0.347343514141
100426 0.706678156138
100427 0.896638737024
100428 0.294507341229
100429 0.187691846157
100430 0.999173111194
100431 0.700731500785
100432 0.0831659736582
100433 0.995527043039
100434 0.132770019546
100435 0.61333148547
100436 0.297627267496
100437 0.200088413959
100438 0.77337759154
100439 0.996365477877
100440 0.251783914065
100441 0.168763718631
100442 0.546839323573
100443 0.3121509482
100444 0.663879756526
100445 0.215454687941
100446 0.505515048042
100447 0.223192672653
100448 0.274746343115
100449 0.191286859553
100450 0.946296489578
100451 0.252728209386
100452 0.0832128359368
100453 0.669127353105
100454 0.407884798164
100455 0.512146002136
100456 0.407565735949
100457 0.118662597338
100458 0.256415273088
100459 0.148788029725
100460 0.249016524796
100461 0.141728682127
100462 0.21661986771
100463 0.231954091052
100464 0.34365685334
100465 0.103307790992
100466 0.0931988533816
100467 0.36929424753
100468 0.0906963118929
100469 0.647259154612
100470 0.779510977531
100471 0.21968689939
100472 0.335480118077
100473 0.172959135277
100474 0.211837055505
100475 0.372167153879
100476 0.148135163187
100477 0.254432861848
100478 0.0740048710335
100479 0.54623001167
100480 0.833231635441
100481 0.31987870288
100482 0.99976810854
100483 0.865938020014
100484 0.753210356573
100485 0.239702829328
100486 0.238980507403
100487 0.505891882516
100488 0.314662360187
100489 0.540730022475
100490 0.733971886208
100491 0.17228932829
100492 0.296344097146
100493 0.256463481554
100494 0.362527560104
100495 0.559180739162
100496 0.969833152288
100497 0.278444108616
100498 0.965371064837
100499 0.319329201264
100500 0.30153600089
100501 0.543973964787
100502 0.88418397477
100503 0.986204374015
100504 0.295469489139
100505 0.672339724502
100506 0.117833949612
100507 0.159325718201
100508 0.214305681574
100509 0.392656614774
100510 0.396836286065
100511 0.168716971291
100512 0.312644751817
100513 0.483510808189
100514 0.258111904813
100515 0.460246966225
100516 0.551011196626
100517 0.158443646537
100518 0.332778236197
100519 0.444659757577
100520 0.695279710081
100521 0.588871847713
100522 0.0810269210316
100523 0.998822305464
100524 0.4697639748
100525 0.725342883864
100526 0.336227237723
100527 0.232280612301
100528 0.574830630285
100529 0.857188257038
100530 0.22870651914
100531 0.401399859535
100532 0.168759755687
100533 0.135181706751
100534 0.373024763496
100535 0.30554704462
100536 0.238297519822
100537 0.267072953512
100538 0.340539845647
100539 0.184975281945
100540 0.994620673913
100541 0.362973573579
100542 0.108979844595
100543 0.125639258782
100544 0.301246930355
100545 0.392455547656
100546 0.536403198176
100547 0.293301899716
100548 0.205808113599
100549 0.757237160677
100550 0.283543001607
100551 0.0956056023366
100552 0.432780686835
100553 0.995668693914
100554 0.146114272256
100555 0.400726835607
100556 0.653802395435
100557 0.281112546595
100558 0.0110411647089
100559 0.23860500982
100560 0.191564023332
100561 0.126022433972
100562 0.282889875053
100563 0.99616367723
100564 0.379755194048
100565 0.398043614512
100566 0.932239776076
100567 0.244661663156
100568 0.203532058603
100569 0.333044373597
100570 0.901160418943
100571 0.348662626766
100572 0.393670437208
100573 0.764874787157
100574 0.185246082659
100575 0.301551352713
100576 0.999967091983
100577 0.440904013642
100578 0.798053560793
100579 0.202937440051
100580 0.859639202757
100581 0.0984333436817
100582 0.228942696384
100583 0.893407631809
100584 0.680686107057
100585 0.369452917944
100586 0.229748194239
100587 0.22125124786
100588 0.823999390276
100589 0.386664196369
100590 0.822794967863
100591 0.0704447630391
100592 0.826895946501
100593 0.379575487598
100594 0.320951193213
100595 0.680943224188
100596 0.416947613183
100597 0.235648271674
100598 0.310641934696
100599 0.198936045758
100600 0.330215551214
100601 0.112196479986
100602 0.20662171964
100603 0.53047593252
100604 0.827341001469
100605 0.309042090446
100606 0.20548753356
100607 0.185463563047
100608 0.25505402242
100609 0.193688903763
100610 0.664627303107
100611 0.276539111915
100612 0.926818338967
100613 0.179891046925
100614 0.380694804025
100615 0.164456271103
100616 0.270863482347
100617 0.926086154411
100618 0.376776819243
100619 0.59229210422
100620 0.513986108512
100621 0.117365228808
100622 0.0934056656336
100623 0.125290828274
100624 0.125655682277
100625 0.249966026702
100626 0.889776390415
100627 0.421002813085
100628 0.171631136394
100629 0.0894672957466
100630 0.259495258204
100631 0.196304222538
100632 0.137923815853
100633 0.999989248204
100634 0.373271167902
100635 0.250693873091
100636 0.910353895303
100637 0.19291555996
100638 0.224529111417
100639 0.159934826635
100640 0.181085749109
100641 0.79613376872
100642 0.811597612106
100643 0.187460437785
100644 0.385778604685
100645 0.602895305099
100646 0.136101754741
100647 0.250604108617
100648 0.253711411192
100649 0.254870236597
100650 0.742690101395
100651 0.592262084845
100652 0.20602063777
100653 0.658077723994
100654 0.379660241429
100655 0.311521082944
100656 0.358227740337
100657 0.0559367257576
100658 0.175330697057
100659 0.275082522925
100660 0.411899767146
100661 0.762950252007
100662 0.276488314117
100663 0.264052220028
100664 0.417439835132
100665 0.845714397195
100666 0.236156267849
100667 0.360500487231
100668 0.681240054658
100669 0.187961155793
100670 0.220567472541
100671 0.36931059182
100672 0.201497118913
100673 0.317237211239
100674 0.775242669603
100675 0.449445515904
100676 0.170164850016
100677 0.161023161802
100678 0.343484991615
100679 0.160094074043
100680 0.37330226385
100681 0.48913889484
100682 0.633279724437
100683 0.193909825582
100684 0.378069753551
100685 0.221652584567
100686 0.28032976801
100687 0.247998328982
100688 0.652538601477
100689 0.713582834936
100690 0.30094990797
100691 0.302845241628
100692 0.253945441523
100693 0.153124382527
100694 0.44166388244
100695 0.152964552453
100696 0.47895454312
100697 0.692674360572
100698 0.352339770173
100699 0.634438276017
100700 0.412024410956
100701 0.485282931755
100702 0.251136292546
100703 0.316342049511
100704 0.3347199922
100705 0.188577721834
100706 0.149757351527
100707 0.554115311829
100708 0.433362595852
100709 0.319206576159
100710 0.217090514499
100711 0.306399160455
100712 0.933397464366
100713 0.582885531726
100714 0.631294713449
100715 0.149913088687
100716 0.821522967277
100717 0.140064027734
100718 0.126395539602
100719 0.160561046423
100720 0.61994345238
100721 0.105250527145
100722 0.858972188664
100723 0.247091322726
100724 0.403177053376
100725 0.255947473786
100726 0.857371629404
100727 0.238690177046
100728 0.999758363755
100729 0.15860920603
100730 0.549347952611
100731 0.86292454819
100732 0.407692810361
100733 0.999794286998
100734 0.286165166811
100735 0.619365969262
100736 0.901240909214
100737 0.146595979594
100738 0.303561906563
100739 0.378781868772
100740 0.679493420397
100741 0.125172224574
100742 0.269194379028
100743 0.450131686513
100744 0.325444145767
100745 0.314148844566
100746 0.448712803995
100747 0.561021818352
100748 0.178955624478
100749 0.149568607816
100750 0.133263038856
100751 0.523559468603
100752 0.351186597337
100753 0.767136930181
100754 0.477947574967
100755 0.549421984215
100756 0.665069048186
100757 0.124367972136
100758 0.336841152945
100759 0.499033615396
100760 0.260014108856
100761 0.339269135756
100762 0.771141068586
100763 0.400176057394
100764 0.466208846663
100765 0.190664353436
100766 0.958708642354
100767 0.523499346197
100768 0.332597545909
100769 0.142334499272
100770 0.259457389884
100771 0.463087242244
100772 0.126484807407
100773 0.514152999528
100774 0.154325149358
100775 0.281052093567
100776 0.197471956645
100777 0.289545057973
100778 0.957942177833
100779 0.588129221692
100780 0.443427857932
100781 0.116715240554
100782 0.224445182364
100783 0.375672039292
100784 0.351121474768
100785 0.129141847953
100786 0.565011776376
100787 0.074930061768
100788 0.327231161126
100789 0.181612181462
100790 0.32811295518
100791 0.313810261345
100792 0.298028229502
100793 0.517957878408
100794 0.483839290862
100795 0.224883210325
100796 0.463770224867
100797 0.246604671471
100798 0.212263128955
100799 0.459648849106
100800 0.935845802994
100801 0.356104652786
100802 0.0990815565939
100803 0.201466123319
100804 0.211081226174
100805 0.200330133272
100806 0.293698163159
100807 0.082892208986
100808 0.166703721252
100809 0.999445938586
100810 0.32196514537
100811 0.766543248045
100812 0.346871770597
100813 0.244891279893
100814 0.626840550966
100815 0.394773321587
100816 0.0904346144661
100817 0.930882508283
100818 0.291361962848
100819 0.148856453028
100820 0.400748616577
100821 0.17368883781
100822 0.230852308257
100823 0.294290062776
100824 0.815193206744
100825 0.63547605059
100826 0.295419893011
100827 0.242484356478
100828 0.119859260226
100829 0.163770366159
100830 0.40096896274
100831 0.658068322584
100832 0.518350698437
100833 0.423772467958
100834 0.419818088626
100835 0.197924593785
100836 0.117674917346
100837 0.936877575938
100838 0.150648971441
100839 0.640390949201
100840 0.214233662002
100841 0.384506696096
100842 0.322169589611
100843 0.259576735897
100844 0.0843985479766
100845 0.172674861993
100846 0.34549095973
100847 0.722339983174
100848 0.15179619965
100849 0.117586917137
100850 0.719965860525
100851 0.387676151778
100852 0.512259731857
100853 0.924697166034
100854 0.172275705123
100855 0.526030139536
100856 0.999249962906
100857 0.890461727839
100858 0.109214717345
100859 0.327917147864
100860 0.475681364692
100861 0.167390606675
100862 0.308343198832
100863 0.152914676777
100864 0.299819120622
100865 0.251050830478
100866 0.220624244537
100867 0.643440958346
100868 0.999422176474
100869 0.283093450977
100870 0.357048112423
100871 0.949904738191
100872 0.409265716081
100873 0.233803383678
100874 0.189147129239
100875 0.129508276201
100876 0.336804003953
100877 0.114371127175
100878 0.891097070245
100879 0.129826146903
100880 0.882424746508
100881 0.217018810556
100882 0.728864864111
100883 0.191624691177
100884 0.168141208282
100885 0.141700039606
100886 0.286167732241
100887 0.325278773534
100888 0.430789039022
100889 0.312159148527
100890 0.273834674321
100891 0.139682530785
100892 0.111384470252
100893 0.764978113387
100894 0.733049024949
100895 0.476670368886
100896 0.153758425566
100897 0.232507086168
100898 0.219085255378
100899 0.20487542351
100900 0.635205920379
100901 0.156405813966
100902 0.790024186461
100903 0.634870521645
100904 0.819327266697
100905 0.599037183661
100906 0.364632533537
100907 0.139254055279
100908 0.481430585522
100909 0.48769209808
100910 0.109759721989
100911 0.073279730017
100912 0.993037295448
100913 0.680020851102
100914 0.624804690695
100915 0.371847494952
100916 0.322898613577
100917 0.243035323024
100918 0.999999659891
100919 0.115177115246
100920 0.59552166764
100921 0.104696634051
100922 0.428868184643
100923 0.137905093392
100924 0.25456487072
100925 0.465630959383
100926 0.155281092577
100927 0.689818000564
100928 0.307386778405
100929 0.999987810567
100930 0.42187068904
100931 0.278928684336
100932 0.257218113889
100933 0.12165996387
100934 0.179194163269
100935 0.976366211167
100936 0.478743592232
100937 0.199787221727
100938 0.316877931932
100939 0.0974757749102
100940 0.35490795089
100941 0.416632705478
100942 0.374062982008
100943 0.11913660683
100944 0.435518355579
100945 0.885378649005
100946 0.258244565767
100947 0.271226479481
100948 0.721355932471
100949 0.997697827141
100950 0.159712767189
100951 0.392529074032
100952 0.708884992241
100953 0.935481262034
100954 0.22259756327
100955 0.157967780043
100956 0.558543663853
100957 0.285015004127
100958 0.0909675594845
100959 0.869198297624
100960 0.164085690739
100961 0.492778334139
100962 0.382706927932
100963 0.136557347967
100964 0.0387400175357
100965 0.604430207572
100966 0.345583708189
100967 0.289784153772
100968 0.543722575902
100969 0.0837877014368
100970 0.392957026549
100971 0.495071187339
100972 0.129383298536
100973 0.0931873316738
100974 0.797025366182
100975 0.486380468074
100976 0.537813134825
100977 0.859736075585
100978 0.0988520378475
100979 0.984429021481
100980 0.172226786543
100981 0.999914284481
100982 0.14584020389
100983 0.733678693343
100984 0.27517505226
100985 0.209261194027
100986 0.705245708639
100987 0.555085644806
100988 0.924296206206
100989 0.321350996966
100990 0.20207310028
100991 0.25624459913
100992 0.999941988233
100993 0.361639285644
100994 0.195996480839
100995 0.897335920445
100996 0.499975568368
100997 0.373552531976
100998 0.896589110759
100999 0.551295667947
