IDs label avgscores score0 score1 score2 score3
100000 1 0.9999529821 0.999962165648 0.999967197799 0.999924718758 0.999957846196
100001 0 0.204573208678 0.329763488326 0.119559128719 0.180279078248 0.188691139421
100002 1 0.512659664266 0.541192725891 0.507335425084 0.447098490485 0.555012015604
100003 1 0.939963736166 0.916854997123 0.941042250528 0.944041818699 0.957915878313
100004 0 0.215170161389 0.252337440925 0.191515064821 0.203391497073 0.213436642736
100005 1 0.637754611631 0.675825310148 0.668183888411 0.567644729818 0.639364518147
100006 0 0.159015222873 0.143754071655 0.118181402304 0.171517336286 0.202608081246
100007 1 0.999995890508 0.999997941057 0.999998286724 0.999988927125 0.999998407124
100008 0 0.157530407159 0.145242187062 0.15301768094 0.159873228849 0.171988531784
100009 0 0.358320887065 0.295977109386 0.353293118725 0.366697113915 0.417316206234
100010 0 0.25548624969 0.17339767315 0.36137437021 0.22249029121 0.264682664189
100011 0 0.583825146146 0.198060952753 0.888820783668 0.404245039368 0.844173808796
100012 0 0.556424414063 0.591650575687 0.388485023156 0.673338139363 0.572223918047
100013 0 0.124642494693 0.174716996118 0.0646486611922 0.175474007895 0.0837303135655
100014 1 0.252881974257 0.248840899946 0.236212096819 0.121542739175 0.404932161089
100015 1 0.0905538571089 0.0859469083356 0.121604107639 0.0536895190199 0.100974893441
100016 1 0.514450498467 0.482888714522 0.49900879354 0.453813187091 0.622091298715
100017 0 0.470469935563 0.332061248802 0.7440574452 0.440191810166 0.365569238084
100018 0 0.0505292202175 0.0572288064916 0.0490544735403 0.0379172904628 0.0579163103755
100019 1 0.360477707275 0.363597272951 0.371343268012 0.448750127251 0.258220160887
100020 0 0.325389628407 0.24600954327 0.470905585661 0.160518795104 0.424124589592
100021 1 0.870307394569 0.993977130777 0.792005885737 0.899719019888 0.795527541874
100022 0 0.659191280971 0.840122263459 0.612649070798 0.783549271578 0.400444518048
100023 1 0.602132632979 0.550835264326 0.828851065521 0.379844790547 0.648999411521
100024 0 0.150734831031 0.256558779754 0.0935495095407 0.173540373591 0.0792906612398
100025 1 0.974265140932 0.974717374907 0.971547493818 0.958463297145 0.99233239786
100026 1 0.903714918236 0.914220234587 0.870263945698 0.859561995292 0.970813497366
100027 0 0.349955087043 0.672749673103 0.247767693467 0.189076573546 0.290226408058
100028 1 0.445064928879 0.367410288094 0.522959817773 0.242049945521 0.647839664126
100029 0 0.106813150374 0.10067162007 0.0568468035459 0.151159074404 0.118575103477
100030 0 0.357280701433 0.214210505408 0.432932329947 0.482348757404 0.299631212975
100031 0 0.282096423973 0.197967463245 0.350194049509 0.354596470599 0.225627712538
100032 0 0.253614721497 0.372777044039 0.30640776328 0.140446162798 0.194827915873
100033 0 0.217771945206 0.267347136434 0.0940802178445 0.478092931114 0.0315674954301
100034 1 0.790714964319 0.818235847263 0.671536225998 0.94176031013 0.731327473886
100035 1 0.999982310868 0.999997496911 0.999935153155 0.999997105873 0.999999487531
100036 1 0.235529359855 0.229048911937 0.250268709499 0.310643022321 0.152156795663
100037 1 0.622598605373 0.653149720489 0.32379962812 0.756862433517 0.756582639365
100038 0 0.256250127107 0.297544439108 0.216508293145 0.3580518997 0.152895876476
100039 0 0.535717109728 0.405453063995 0.618121857386 0.483461922733 0.635831594799
100040 1 0.341558707666 0.363710292202 0.323219234358 0.320446279718 0.358859024387
100041 0 0.080787888284 0.0950800445849 0.0689051263072 0.0538796906967 0.105286691547
100042 0 0.138380722209 0.0709314394879 0.0930530534139 0.188461436759 0.201076959177
100043 0 0.180191162453 0.278932191832 0.142906673396 0.157987529086 0.140938255499
100044 0 0.0978465014939 0.126501855142 0.0818994689513 0.0591379749135 0.123846706969
100045 0 0.38617805777 0.227007244632 0.386478974667 0.444488160081 0.486737851701
100046 0 0.243769728358 0.222186001259 0.291682809148 0.172027561117 0.289182541909
100047 0 0.0832822989365 0.0324007860154 0.106555240187 0.128872744725 0.0653004248185
100048 1 0.451487964721 0.29006576149 0.520683034099 0.514324979801 0.480878083492
100049 1 0.983422337233 0.988893829437 0.985623838469 0.992450627889 0.966721053137
100050 1 0.788545746594 0.735191063999 0.796702623583 0.801947695969 0.820341602825
100051 0 0.374738858475 0.614079801325 0.356503284089 0.229710142907 0.298662205579
100052 0 0.303282489416 0.593011769539 0.239781193986 0.232698705508 0.147638288632
100053 1 0.32062361355 0.0719367431261 0.357774869845 0.122994777493 0.729788063737
100054 1 0.830142390633 0.829372240853 0.769639869198 0.873220253399 0.848337199082
100055 0 0.173118161393 0.135534679589 0.104327846839 0.207958926815 0.244651192327
100056 0 0.18871016156 0.311682716012 0.128649495416 0.133211770331 0.181296664483
100057 1 0.999996982217 0.999994623796 0.999998654181 0.999995287681 0.999999363211
100058 1 0.760193851335 0.755686345295 0.815039190797 0.586296231274 0.883753637976
100059 0 0.164244386983 0.205143386934 0.201372488411 0.097148966252 0.153312706337
100060 1 0.976206550952 0.981221083172 0.974677485263 0.967100083532 0.98182755184
100061 1 0.666098155898 0.587056622797 0.770220362958 0.723335943204 0.583779694635
100062 1 0.283135592919 0.283422718744 0.227032334799 0.125230193207 0.496857124927
100063 0 0.317622536329 0.334521444627 0.267991905115 0.269253847359 0.398722948217
100064 0 0.189273617691 0.243336784447 0.191542250084 0.138920264012 0.183295172223
100065 1 0.54989777159 0.54688663343 0.524388841237 0.594134401412 0.53418121028
100066 0 0.0968322235234 0.117506609561 0.0760720280235 0.0810947529722 0.112655503537
100067 0 0.340140412897 0.387440231569 0.319458748435 0.330057660235 0.323605011348
100068 1 0.274182830403 0.277796161785 0.173331115747 0.314598559536 0.331005484542
100069 1 0.99621707717 0.995379007442 0.998615060121 0.991959993715 0.998914247403
100070 1 0.722830528646 0.781241510832 0.766201763969 0.636431768524 0.707447071257
100071 0 0.451720584492 0.461029550562 0.544326456933 0.397783953783 0.403742376692
100072 0 0.0649587370203 0.0868592523082 0.0486795030905 0.073036751363 0.0512594413194
100073 0 0.467969613183 0.370633903541 0.660195655241 0.351301491834 0.489747402118
100074 1 0.944085287712 0.994053505411 0.926445303136 0.89468760429 0.961154738012
100075 1 0.567098175321 0.494889671308 0.534946894504 0.718780635503 0.51977549997
100076 0 0.355237682746 0.431886435737 0.246456074012 0.282653183993 0.459955037242
100077 1 0.999973316685 0.999995136221 0.999900236129 0.999997903895 0.999999990493
100078 0 0.111357010434 0.0771878196891 0.123802113797 0.108901065451 0.1355370428
100079 0 0.371905243033 0.352020930498 0.319486457845 0.340598057183 0.475515526605
100080 0 0.173135019995 0.266855880549 0.120321042534 0.168678691397 0.136684465502
100081 1 0.986151985956 0.989435552777 0.989460886304 0.986919909571 0.978791595174
100082 1 0.66370651938 0.66426171309 0.538690488301 0.642811567652 0.809062308476
100083 0 0.454383242904 0.485258178548 0.52765048359 0.522461613804 0.282162695674
100084 0 0.0815005401597 0.185488401229 0.0438936095167 0.035325008917 0.0612951409761
100085 0 0.116979256581 0.157927494891 0.104765255753 0.131109318683 0.0741149569952
100086 0 0.193780165228 0.298749458341 0.173438317833 0.168862889965 0.134069994772
100087 1 0.223262914784 0.17108887587 0.257199887545 0.253672916901 0.211089978821
100088 1 0.578133729421 0.488113374398 0.501225132599 0.712231756976 0.610964653711
100089 1 0.781161861845 0.905011229776 0.752059622885 0.876550882536 0.591025712182
100090 1 0.189337810469 0.261285225471 0.163580052064 0.123002484912 0.209483479427
100091 1 0.320878098809 0.25666703487 0.336581470994 0.335869651859 0.354394237513
100092 0 0.144119737081 0.238128398611 0.134114854048 0.103734096705 0.100501598961
100093 0 0.117227697877 0.133570252219 0.127719564301 0.0746510431824 0.132969931805
100094 0 0.192657185744 0.125585299933 0.186598285543 0.323811866921 0.134633290581
100095 0 0.302024794563 0.42794355949 0.273902850797 0.315658201272 0.190594566691
100096 1 0.787817344226 0.822064135051 0.838135323856 0.656813464666 0.83425645333
100097 0 0.206517705629 0.172157085505 0.236778312363 0.305541560918 0.111593863729
100098 1 0.632003649586 0.605420776838 0.71222573445 0.478505123597 0.73186296346
100099 0 0.320284009512 0.254754581522 0.306167492585 0.388563497584 0.331650466356
100100 0 0.31789382709 0.632913926018 0.179309193634 0.276989286899 0.182362901807
100101 1 0.939758100238 0.93353780132 0.986396416984 0.856351019207 0.982747163439
100102 0 0.1746392156 0.120203652738 0.145526771841 0.21355859176 0.21926784606
100103 0 0.191328743362 0.136068261395 0.377918741328 0.11978974566 0.131538225064
100104 0 0.155646408021 0.219591489622 0.154551369941 0.159331537569 0.0891112349535
100105 1 0.74067245068 0.668312477696 0.873738072578 0.429134837326 0.991504415121
100106 0 0.320081120813 0.33139719506 0.330912830504 0.337907650867 0.280106806819
100107 0 0.21706828536 0.246897879234 0.123081855979 0.240719258929 0.257574147297
100108 1 0.762743048112 0.604650290888 0.748553669324 0.900029505653 0.797738726585
100109 1 0.661979190686 0.544758897362 0.470041529807 0.74178052641 0.891335809166
100110 1 0.231895548964 0.224312640894 0.366483083615 0.179892835709 0.156893635636
100111 0 0.289840436355 0.409281185335 0.210928145185 0.219199064975 0.319953349925
100112 0 0.201869781478 0.213574614497 0.213688530584 0.152117519439 0.22809846139
100113 1 0.771758413361 0.837735405988 0.699413268592 0.822373769851 0.727511209013
100114 0 0.155008800367 0.0959821982114 0.185468174216 0.169863820307 0.168721008733
100115 1 0.5384771321 0.657774023991 0.379024085948 0.514347322937 0.602763095523
100116 1 0.196173541687 0.20558776124 0.142414045398 0.223994668097 0.212697692013
100117 1 0.728823916121 0.55417237713 0.725037582744 0.82535086064 0.810734843969
100118 0 0.0959466724761 0.212588561597 0.014338978361 0.142922745763 0.0139364041832
100119 0 0.256763436158 0.139888544075 0.293932380921 0.30374258576 0.289490233877
100120 1 0.856062365052 0.81275860636 0.842714607459 0.820176865231 0.948599381157
100121 0 0.180039148 0.213589883087 0.176609817833 0.169172946027 0.160783945054
100122 0 0.476992085722 0.261886874004 0.386489417352 0.580532801489 0.679059250044
100123 0 0.253862571677 0.318197674537 0.346209509753 0.203182590258 0.147860512162
100124 1 0.194214786572 0.305922347996 0.127628897639 0.220060395821 0.12324750483
100125 0 0.540735376287 0.509026170744 0.592425640219 0.640611856855 0.420877837331
100126 0 0.396193409776 0.533534531773 0.442507287216 0.429031293123 0.179700526991
100127 1 0.916191344946 0.928657214288 0.920719037584 0.953769071991 0.861620055919
100128 0 0.25261112943 0.392464010208 0.199699508036 0.22129251403 0.196988485444
100129 0 0.168087740126 0.0864257810618 0.33001747323 0.11197538418 0.143932322034
100130 1 0.842029509931 0.888620663458 0.571761922361 0.982155801201 0.925579652705
100131 0 0.257084429481 0.215628512041 0.197640653081 0.412034243927 0.203034308876
100132 1 0.526200550883 0.245130288699 0.453179853516 0.556955431417 0.849536629898
100133 0 0.311575275717 0.317681270636 0.220551301849 0.529805904454 0.178262625929
100134 0 0.284989080085 0.237777750765 0.277331991774 0.292717445434 0.332129132366
100135 1 0.158213412953 0.0870715439338 0.11131216083 0.248374171617 0.186095775433
100136 0 0.114953481991 0.186481832823 0.115691099976 0.0839918803659 0.0736491147989
100137 0 0.191202680831 0.238593724698 0.211173987849 0.204405149778 0.110637860999
100138 1 0.888925522719 0.905828221613 0.858526699728 0.824340041742 0.967007127792
100139 0 0.145631567509 0.120256806185 0.197775958772 0.123877286001 0.140616219076
100140 1 0.83629228577 0.803228754633 0.871339979401 0.854488034076 0.816112374969
100141 0 0.2875422021 0.264432738108 0.263823655422 0.311544693594 0.310367721276
100142 0 0.123564674556 0.0879128047836 0.117018613754 0.107376336021 0.181950943665
100143 0 0.428544147327 0.409069432209 0.401916792669 0.404814591061 0.498375773371
100144 0 0.2935172238 0.170693088498 0.333668748926 0.278593010154 0.391114047622
100145 0 0.160695275175 0.183148497886 0.184107475592 0.194338023911 0.0811871033109
100146 0 0.28372395714 0.225557261583 0.297988159232 0.178766030663 0.432584377082
100147 1 0.124396169143 0.0598789947624 0.148752309618 0.187154420648 0.101798951543
100148 1 0.279992857208 0.284592375049 0.351487821543 0.318312567049 0.165578665191
100149 1 0.550048874061 0.624583092326 0.443911841592 0.749341593017 0.382358969308
100150 1 0.760744057947 0.88573831593 0.736363893495 0.565588648387 0.855285373977
100151 0 0.176394378735 0.148319248768 0.132120452029 0.211146425476 0.213991388665
100152 1 0.739028559469 0.545658131714 0.782419047497 0.805872620489 0.822164438178
100153 1 0.738542319723 0.655290136753 0.836272707791 0.698385132452 0.764221301894
100154 0 0.16051703996 0.0468299143846 0.124088645563 0.406205634023 0.0649439658675
100155 0 0.24005213533 0.224306216992 0.182185840681 0.249427161299 0.304289322347
100156 0 0.224867999425 0.255047712657 0.21579763999 0.212389286702 0.216237358351
100157 1 0.986395332332 0.992383170277 0.983183480727 0.977000145199 0.993014533124
100158 0 0.182156797393 0.231943539802 0.104577978924 0.170362422621 0.221743248227
100159 0 0.358823086345 0.490397270405 0.342089879253 0.415469375708 0.187335820014
100160 0 0.549309565414 0.4704921911 0.644354030919 0.679648460009 0.402743579629
100161 0 0.11114673533 0.186975955976 0.0686615684232 0.0910126842013 0.09793673272
100162 1 1.0 1.0 1.0 1.0 1.0
100163 0 0.126367809333 0.0955875586561 0.105976703947 0.139291862574 0.164615112154
100164 1 0.342823517301 0.197716428591 0.285500152634 0.482556228629 0.405521259349
100165 0 0.290751038959 0.246658610597 0.384926810098 0.355417584433 0.176001150708
100166 1 0.415236091452 0.425416792659 0.474331056798 0.383464321228 0.377732195122
100167 0 0.276298604928 0.269730751691 0.179575480054 0.394113984603 0.261774203365
100168 0 0.177702753906 0.301072392091 0.171356019065 0.135065164714 0.103317439755
100169 0 0.462589431169 0.48496638848 0.51578183024 0.432601997815 0.417007508142
100170 1 0.255625346593 0.330777650101 0.291110814711 0.213484752043 0.187128169515
100171 0 0.0985702957267 0.132919409477 0.0983824434371 0.116857309474 0.0461220205189
100172 1 0.994965392241 0.989716237108 0.998371864946 0.996520755931 0.995252710978
100173 0 0.400101337883 0.280141437838 0.407338924042 0.383738226063 0.52918676359
100174 0 0.123797036139 0.113712577393 0.234400702011 0.0790643369397 0.0680105282143
100175 0 0.168900290045 0.171168919327 0.0975551197507 0.19333821289 0.213538908214
100176 1 0.234719593296 0.148656787834 0.188576305977 0.435835313492 0.165809965881
100177 0 0.200141140934 0.316281844103 0.143001686268 0.174672375073 0.166608658293
100178 0 0.238918764586 0.291629516427 0.183525745408 0.2519347755 0.22858502101
100179 0 0.256889237147 0.356829440174 0.178593664569 0.19384899122 0.298284852626
100180 1 0.381680898895 0.5196433317 0.315605215553 0.345512443605 0.345962604721
100181 0 0.452688142009 0.389231568038 0.544949094461 0.464060553848 0.412511351691
100182 0 0.244888138316 0.0780465086809 0.469112163723 0.137681716691 0.294712164171
100183 1 0.901991570187 0.94366144085 0.911510889426 0.844760930869 0.908033019602
100184 1 0.753254369411 0.669759139064 0.8475813265 0.620879109485 0.874797902596
100185 0 0.811686078788 0.886549191983 0.710212852456 0.968525192119 0.681457078593
100186 0 0.128612244577 0.0966732442119 0.0786648902106 0.241915624972 0.0971952189126
100187 1 0.369946632472 0.270555793009 0.494181104714 0.388687406626 0.326362225537
100188 0 0.430894710886 0.472881296608 0.487896400893 0.52280931055 0.239991835493
100189 0 0.0307461321115 0.0161764487395 0.0248637692388 0.0554377613021 0.0265065491655
100190 1 0.698485624126 0.627952502265 0.740444901347 0.734293784481 0.69125130841
100191 0 0.210876720916 0.300728248593 0.209995344808 0.147136485372 0.185646804892
100192 1 0.51371904279 0.449454564039 0.659184423688 0.596667727639 0.349569455793
100193 0 0.263970824095 0.330636193246 0.284478562776 0.231541486531 0.209227053829
100194 0 0.149764963523 0.212894566066 0.119453580174 0.15006351977 0.116648188082
100195 0 0.135263745253 0.10029852305 0.120787145478 0.126039362492 0.19392994999
100196 1 0.159927128278 0.226063253367 0.0967603583047 0.193010971862 0.123873929578
100197 0 0.436076623766 0.43263533368 0.332530844403 0.452544407097 0.526595909884
100198 1 0.50380331168 0.330345830376 0.668484510274 0.327515123668 0.688867782402
100199 1 0.574546028612 0.654501935139 0.3998493159 0.596259739655 0.647573123752
100200 1 0.757559822191 0.894767908601 0.75378208284 0.643860054413 0.737829242912
100201 1 0.959596456202 0.987658338958 0.911741397511 0.958865697206 0.980120391132
100202 0 0.166870875137 0.224703962162 0.142732136538 0.154236638484 0.145810763362
100203 1 0.326531313596 0.301253448656 0.238439690681 0.333242116241 0.433189998804
100204 0 0.206312344506 0.203138230268 0.230588339734 0.204565032044 0.18695777598
100205 0 0.0723622694086 0.0764573361976 0.0743051837315 0.0706875072493 0.067999050456
100206 0 0.249379937846 0.270707253971 0.229458453239 0.229044058246 0.268309985926
100207 0 0.268668884525 0.164289358869 0.280365292277 0.328758388657 0.301262498296
100208 1 0.491229172075 0.448301056306 0.261988834201 0.603075004872 0.651551792923
100209 1 0.615451633574 0.731657963822 0.518251766051 0.713957511425 0.497939292997
100210 0 0.409910635403 0.380169725703 0.411667198516 0.384875143129 0.462930474262
100211 0 0.198876346861 0.429624591338 0.182366456622 0.0793626701325 0.104151669351
100212 1 0.96495964264 0.967313593779 0.978807375197 0.929732616363 0.98398498522
100213 0 0.172807961404 0.220326016152 0.208070999819 0.162562059251 0.100272770394
100214 0 0.28629181218 0.301436030373 0.383909628598 0.232084641222 0.227736948525
100215 1 0.997475062187 0.996401655315 0.998882869147 0.996102706773 0.998513017512
100216 0 0.266564048473 0.0850719175416 0.428191984287 0.0723881847701 0.480604107293
100217 1 0.286456459825 0.213318339958 0.337669525755 0.385384247011 0.209453726575
100218 1 0.87650459947 0.991355630814 0.922794001094 0.807362991153 0.784505774818
100219 1 0.74484518951 0.690157866575 0.664586292024 0.758815325688 0.865821273754
100220 0 0.534531386093 0.551806849577 0.415426361966 0.677920455421 0.492971877406
100221 0 0.438120856551 0.555592530409 0.438232856763 0.168198624011 0.590459415019
100222 1 0.40408505585 0.405060865742 0.430315616264 0.412853853632 0.368109887762
100223 1 0.518105569878 0.730614993096 0.235478630589 0.917259743824 0.189068912002
100224 0 0.325487084445 0.187333013024 0.345147018226 0.324253345005 0.445214961525
100225 0 0.532727326772 0.589299784571 0.547201410906 0.484292706059 0.51011540555
100226 1 0.311650761866 0.362980071758 0.285374962277 0.336480762196 0.261767251235
100227 1 0.32058750235 0.357566176525 0.369745126112 0.200424487932 0.354614218833
100228 1 0.650301846408 0.521310270863 0.48808734744 0.875087604591 0.71672216274
100229 0 0.20023653091 0.174488551047 0.169179877471 0.223952300282 0.233325394839
100230 1 0.425575603706 0.467332787043 0.417118602868 0.420056527499 0.397794497415
100231 1 0.398404569727 0.421648140385 0.328334252303 0.330389959911 0.51324592631
100232 1 0.215301853944 0.237313476524 0.133500488781 0.300835062592 0.189558387879
100233 0 0.298661753228 0.254009020798 0.368361051012 0.191867103323 0.38040983778
100234 0 0.232171045395 0.306335882761 0.166984606338 0.18602146042 0.269342232061
100235 1 0.999136185156 0.998517011764 0.999765122272 0.998716900208 0.99954570638
100236 0 0.618755749416 0.655413023557 0.663389863249 0.73601516551 0.420204945348
100237 0 0.352681189923 0.599573296574 0.199250171482 0.271809291559 0.340092000076
100238 1 0.493482855054 0.499775796407 0.552905651667 0.424167510289 0.497082461852
100239 0 0.262635482939 0.311067481287 0.143293611904 0.121986429038 0.474194409526
100240 1 0.991531714315 0.988634172681 0.994224535041 0.988184665887 0.995083483651
100241 0 0.331966575386 0.429946964558 0.121184764163 0.536540385222 0.240194187601
100242 0 0.196428650261 0.284251620538 0.172109531975 0.16409075627 0.165262692262
100243 1 0.217064492658 0.158536800697 0.254552346361 0.223662515621 0.231506307951
100244 0 0.372547979487 0.262325887888 0.424633843454 0.536885930484 0.266346256121
100245 1 0.370029453878 0.514591823009 0.235022285766 0.510607455174 0.219896251562
100246 0 0.309895494799 0.291716191124 0.199842191127 0.45467454989 0.293349047057
100247 0 0.129059722884 0.150728744096 0.113899434225 0.175099432046 0.0765112811682
100248 0 0.667198485647 0.599976825523 0.686958122558 0.748870169628 0.632988824878
100249 1 0.907874965935 0.934705926202 0.883271427808 0.872369537215 0.941152972516
100250 1 0.263888549056 0.145713495529 0.45996326273 0.159146136718 0.290731301249
100251 1 0.616001024066 0.662652898165 0.570977112784 0.73774895671 0.492625128603
100252 0 0.292303570462 0.269795774886 0.33712876935 0.253268771196 0.309020966415
100253 0 0.168575787743 0.248889141042 0.110188347516 0.0919280437063 0.223297618709
100254 0 0.350995270034 0.427675733076 0.334241076038 0.44102285994 0.201041411084
100255 0 0.252006636804 0.242625492999 0.241049495231 0.292018790949 0.232332768037
100256 1 0.799627934263 0.814458243826 0.825305652539 0.725353958508 0.833393882179
100257 0 0.717047357987 0.772519224769 0.684106026101 0.837204041397 0.574360139682
100258 1 0.999999483986 0.99999999503 0.999999035104 0.999999601917 0.999999303892
100259 1 0.386406745313 0.487361500876 0.274158639562 0.324257577484 0.459849263329
100260 0 0.308673751097 0.360410368403 0.31316496617 0.299604938177 0.261514731639
100261 0 0.474674291389 0.600455549453 0.498244426821 0.513585726629 0.286411462653
100262 1 0.738141494332 0.780375315021 0.767752172852 0.641559982981 0.762878506475
100263 1 0.564317640023 0.644398022989 0.480899031429 0.622413856809 0.509559648865
100264 1 0.236560808634 0.278244250352 0.247174054093 0.20687503299 0.213949897102
100265 0 0.158893765962 0.132687540375 0.173254531677 0.138279808211 0.191353183586
100266 1 0.902504036255 0.805800012811 0.960316032779 0.907250115275 0.936649984156
100267 0 0.242828235218 0.365155430428 0.157186032061 0.300738450792 0.14823302759
100268 1 0.820662692121 0.894297376366 0.686620712135 0.752939903 0.948792776982
100269 1 0.369310235995 0.264049616637 0.529805904454 0.283769792822 0.399615630066
100270 0 0.128122193579 0.19133879229 0.139096541048 0.0478495842577 0.134203856721
100271 0 0.147108037928 0.224646128658 0.142593120818 0.068055049788 0.153137852448
100272 1 0.707750130744 0.924587978471 0.544029965467 0.685256720879 0.677125858159
100273 1 0.310631349788 0.303067528719 0.453867920952 0.1357890358 0.349800913683
100274 1 0.356261791394 0.191972664956 0.417303789416 0.251884260955 0.563886450251
100275 1 0.46014106696 0.387787297677 0.495889949715 0.376833635263 0.580053385186
100276 1 0.998095184484 0.997641374707 0.999307203258 0.996322049809 0.999110110163
100277 0 0.260706212554 0.198581992769 0.190441708043 0.295539899762 0.358261249641
100278 0 0.244811173624 0.287613805223 0.244224313496 0.25704495365 0.190361622129
100279 1 0.400377002739 0.55803527466 0.386480276485 0.359176789839 0.297815669974
100280 0 0.348072359892 0.296767106839 0.266803020159 0.413308635356 0.415410677213
100281 1 0.482236750497 0.593101198744 0.630952564557 0.2394537459 0.465439492786
100282 0 0.342873860769 0.396302709929 0.258606070778 0.326884437463 0.389702224906
100283 0 0.150875537804 0.181069260183 0.145665909226 0.123877129745 0.152889852062
100284 0 0.170384187757 0.21783040705 0.199092612894 0.11479392863 0.149819802455
100285 0 0.210659146236 0.172986077018 0.30867671996 0.172189081619 0.188784706348
100286 1 0.856238594687 0.857594444767 0.763687018795 0.9217402223 0.881932692887
100287 1 0.621706658563 0.663749610706 0.310325665255 0.902093517811 0.61065784048
100288 1 0.996958844587 0.99669584459 0.997082901899 0.995572108817 0.998484523044
100289 0 0.270323325953 0.187982714285 0.377499178442 0.339164294327 0.176647116759
100290 1 0.967515572058 0.950210181884 0.97829087672 0.968072212416 0.97348901721
100291 1 0.400963025574 0.492312070299 0.333081876797 0.496139449357 0.282318705842
100292 1 0.107600085287 0.0937157953778 0.178590858453 0.0851995788164 0.0728941085013
100293 1 0.751428968328 0.845995576052 0.847919288864 0.644164532407 0.667636475989
100294 0 0.35342297111 0.19562992686 0.491909270705 0.266975513117 0.459177173759
100295 1 0.883083870731 0.804950257789 0.900530576612 0.955310037601 0.871544610923
100296 1 0.739190369022 0.790988416276 0.699558563999 0.717902841811 0.748311654003
100297 0 0.459695350269 0.419201756638 0.61184187 0.447575569064 0.360162205374
100298 0 0.186086915033 0.174991506759 0.201758275064 0.195698591767 0.171899286544
100299 0 0.577184905957 0.611789816739 0.34563321914 0.603670904182 0.747645683768
100300 1 0.631769538581 0.719600597792 0.621762032607 0.740205441662 0.445510082262
100301 1 0.762072184594 0.811459449121 0.896212009349 0.747424374167 0.59319290574
100302 0 0.170979062933 0.21727877703 0.126248246231 0.114348043674 0.226041184797
100303 0 0.0515400200622 0.0533753934608 0.0386461829634 0.0536092043117 0.0605292995131
100304 1 0.231211169488 0.347576205184 0.133513985435 0.153131167696 0.290623319637
100305 0 0.194133248933 0.195094378432 0.124960239438 0.256273836774 0.200204541087
100306 0 0.119674135574 0.136121843551 0.135409996445 0.0807088425603 0.12645585974
100307 0 0.598502922802 0.674322690257 0.324009744516 0.577287456399 0.818391800036
100308 0 0.134873131276 0.119650094745 0.157267911936 0.105442651644 0.157131866779
100309 1 0.422806023516 0.474260694161 0.431690426488 0.266217079164 0.519055894252
100310 0 0.250380845833 0.391086148489 0.211365132196 0.139564661297 0.259507441352
100311 1 0.468830948726 0.498027763629 0.38651855899 0.64473229953 0.346045172755
100312 0 0.234479074924 0.149083170805 0.197276838983 0.247572080029 0.34398420988
100313 1 0.737208775364 0.768950463136 0.633664883088 0.811649764314 0.734569990916
100314 1 0.544357374728 0.6923548744 0.342885255084 0.855601294498 0.286588074932
100315 0 0.47998934596 0.497638143287 0.410768332844 0.49213659744 0.519414310271
100316 1 0.285153156491 0.382499667167 0.210630575046 0.221097729048 0.326384654704
100317 1 0.999984807805 0.999978003187 0.999984394419 0.999983619327 0.999993214286
100318 1 0.93600818986 0.981883258298 0.909440490406 0.975190296861 0.877518713874
100319 1 0.744141149974 0.664230996788 0.977916207957 0.528965070041 0.80545232511
100320 0 0.091183071379 0.183286566062 0.0803135661021 0.034740927377 0.0663912259749
100321 1 0.351066080155 0.168226426974 0.474771788467 0.231443166145 0.529822939032
100322 1 0.0859375046913 0.0413969025484 0.0788808195889 0.113607117836 0.109865178792
100323 0 0.235729569182 0.148463455151 0.308198216914 0.310114811045 0.176141793618
100324 0 0.445308191919 0.398460271135 0.591851311622 0.276736346681 0.514184838238
100325 1 0.697836648048 0.776344303847 0.476020132614 0.75692012485 0.78206203088
100326 1 0.765098603429 0.801043129163 0.808174856845 0.773917276923 0.677259150787
100327 1 0.770197259968 0.774221965692 0.722529441065 0.791495176528 0.792542456588
100328 1 0.983617664668 0.992610763583 0.976735193488 0.977924011178 0.987200690423
100329 0 0.0912097431474 0.128246256007 0.0787744872481 0.058952490703 0.0988657386316
100330 1 0.952114588673 0.924641587842 0.94621659925 0.961272252655 0.976327914946
100331 1 0.495439042503 0.389208894532 0.699112095751 0.410220326606 0.483214853123
100332 1 0.16948162427 0.183820311297 0.119670963634 0.208614314136 0.165820908013
100333 0 0.221979110043 0.153104596472 0.262665412986 0.165821712218 0.306324718497
100334 0 0.527169476226 0.644079143606 0.39141941711 0.828676372533 0.244502971656
100335 0 0.478751615024 0.376954368032 0.68879970713 0.459412773263 0.389839611671
100336 0 0.46906892877 0.657860306493 0.463284725895 0.414488920462 0.340641762232
100337 1 0.397563479177 0.339012935591 0.301214041911 0.468046642817 0.481980296388
100338 0 0.187704048991 0.0419130565276 0.286655445328 0.117269966614 0.304977727493
100339 0 0.117450399691 0.104949459608 0.169910260536 0.122378362335 0.0725635162833
100340 0 0.312753810892 0.396514967463 0.274104767537 0.36166270195 0.218732806618
100341 1 0.368698546618 0.487783171716 0.162830253788 0.377196515415 0.446984245552
100342 0 0.105568120685 0.143644121425 0.071381834956 0.0949050966919 0.112341429666
100343 1 0.283547064299 0.302222392907 0.295111505993 0.341886206334 0.194968151964
100344 0 0.146977430448 0.10154328559 0.0842913192708 0.23548698841 0.166588128522
100345 0 0.302244879634 0.380975750885 0.237092015251 0.217855941032 0.373055811367
100346 0 0.062497626354 0.0888339398647 0.0367381741921 0.0554790410663 0.0689393502928
100347 0 0.236732673605 0.256130778292 0.203957503395 0.203738892356 0.283103520376
100348 0 0.211396132116 0.219450507989 0.250910830247 0.209387029702 0.165836160528
100349 0 0.22445684812 0.254252859035 0.262528521101 0.241101824133 0.139944188211
100350 0 0.265090451018 0.343870118409 0.132119647981 0.41164816206 0.17272387562
100351 0 0.237891079096 0.246475368378 0.236664090091 0.281625952873 0.186798905041
100352 0 0.186412400828 0.191136903237 0.174494549621 0.133285941316 0.246732209137
100353 0 0.495181019788 0.72860234242 0.391599910325 0.47544681562 0.385075010789
100354 0 0.0566626326004 0.0450538856814 0.0735723125459 0.043191021653 0.0648333105214
100355 0 0.218317803749 0.147508110192 0.355799603483 0.175146536892 0.194816964427
100356 0 0.085113712553 0.0620811443599 0.0970414597988 0.083651447392 0.0976807986613
100357 0 0.116047600645 0.0928635448599 0.0961486451316 0.11859848446 0.15657972813
100358 0 0.106642971219 0.134882776533 0.0830404300537 0.109147009486 0.0995016688053
100359 0 0.224317072818 0.284956452053 0.206012466151 0.201467131605 0.204832241461
100360 0 0.100082806073 0.114686513529 0.0850814141638 0.0555209636317 0.145042332966
100361 0 0.404062284235 0.460522509509 0.191047080162 0.450574995711 0.514104551557
100362 0 0.157075961057 0.277007548152 0.0431140619962 0.182124481251 0.12605775283
100363 0 0.202623138196 0.194865863149 0.095549812476 0.33685803304 0.183218844121
100364 0 0.368904959334 0.363437848652 0.39312006122 0.375650767018 0.343411160446
100365 0 0.144285046279 0.380461610909 0.083266116216 0.0461192663419 0.0672931916491
100366 1 0.0084026066218 0.00627002061209 0.0135754743963 0.0121618018125 0.00160312966631
100367 0 0.19234623037 0.210203071597 0.143257842402 0.282496977666 0.133427029816
100368 1 0.974383216915 0.982988630444 0.98243565316 0.943083674241 0.989024909815
100369 1 0.8550535834 0.961712556074 0.867546255136 0.916441116241 0.674514406149
100370 1 0.986065780829 0.99045896593 0.982429146004 0.985584078092 0.985790933289
100371 0 0.273575581697 0.37103158862 0.254305561104 0.235939501916 0.233025675147
100372 0 0.118594135085 0.0908283001978 0.171290564112 0.0809923676682 0.13126530836
100373 0 0.283770215022 0.154651383715 0.279749210111 0.195846300266 0.504833965997
100374 0 0.255996304015 0.26236043118 0.276833071941 0.295171859694 0.189619853245
100375 0 0.157649907888 0.184083143356 0.11531458488 0.213056967668 0.118144935649
100376 0 0.224281342683 0.24491181289 0.190995300836 0.270773427931 0.190444829074
100377 1 0.990316611995 0.99276728464 0.986574893633 0.985089925026 0.996834344681
100378 0 0.147339605059 0.176596450164 0.0840692892664 0.233434913028 0.0952577677767
100379 0 0.0726192203087 0.0881162239691 0.0811162120942 0.073069116759 0.0481753284124
100380 1 0.825493767671 0.846114870886 0.840498558849 0.856335659759 0.759025981189
100381 1 0.999997614099 0.999999830259 0.999999748239 0.999991079204 0.999999798695
100382 1 0.739243292521 0.709272827011 0.705586202164 0.76254795519 0.779566185718
100383 0 0.169660211067 0.140655786473 0.234125414257 0.18034827165 0.123511371888
100384 1 0.180881982748 0.194156631052 0.162325021684 0.158805492475 0.208240785779
100385 0 0.185352918617 0.218616087933 0.145811693684 0.245462787626 0.131521105225
100386 0 0.223218930544 0.29329881927 0.241610334575 0.130889842483 0.227076725849
100387 0 0.589843742289 0.625796267505 0.508766923884 0.71320995937 0.511601818399
100388 1 0.555576105538 0.646799736765 0.650037231308 0.527701435507 0.397766018573
100389 0 0.206223924361 0.158170195535 0.156991700722 0.197807582343 0.311926218845
100390 1 0.275308351265 0.396606592944 0.180790705001 0.234676967963 0.289159139152
100391 1 0.455871330626 0.466762312083 0.176776104972 0.549914998398 0.63003190705
100392 0 0.297301531584 0.269201950017 0.243754484309 0.430203132544 0.246046559464
100393 1 0.212021174791 0.213676906795 0.285282165573 0.189238231014 0.159887395782
100394 1 0.381504387555 0.312375070388 0.37048209581 0.320631251348 0.522529132672
100395 1 0.443991769143 0.349590369854 0.421346364716 0.532672803945 0.472357538059
100396 1 0.828591899262 0.823718736208 0.741488499366 0.888642726945 0.860517634528
100397 0 0.107663966798 0.155203613235 0.116988332212 0.0811093415448 0.0773545802007
100398 0 0.440669312613 0.47770233348 0.45099328988 0.517679802702 0.316301824391
100399 1 0.999973075646 0.99998255065 0.999947160473 0.999981751199 0.999980840262
100400 0 0.134535350565 0.206214906235 0.0857141175458 0.137972434557 0.108239943922
100401 1 0.296699190216 0.26240563228 0.259129588973 0.377894116276 0.287367423337
100402 1 0.357913271315 0.406205576893 0.0406181548236 0.237480106385 0.747349247158
100403 1 0.996182898151 0.998481664156 0.999754000475 0.988432057714 0.998063870259
100404 1 0.999956102188 0.99997147263 0.99995970532 0.999924715241 0.99996851556
100405 1 0.946214658846 0.967018396316 0.934685606544 0.960809770752 0.92234486177
100406 0 0.261255522154 0.227979895182 0.153852657054 0.314071370609 0.349118165771
100407 1 0.482377057918 0.449114769181 0.399416511303 0.391609847448 0.68936710374
100408 0 0.144088728099 0.172354908109 0.150702671393 0.116709315216 0.136588017677
100409 0 0.257779228536 0.316431946503 0.189063332404 0.299147884789 0.226473750447
100410 0 0.448342920781 0.501714732983 0.387005923636 0.339009004134 0.565642022372
100411 0 0.149748575817 0.20500403534 0.0764613534771 0.11684655025 0.200682364201
100412 1 0.747948271204 0.72903037753 0.706762325402 0.889823705164 0.66617667672
100413 1 0.999987814772 0.999979600549 0.999994241095 0.999980998167 0.999996419277
100414 1 0.401580334599 0.496934125809 0.154130045241 0.658076203848 0.297180963497
100415 1 0.295523183789 0.439778967275 0.182746343855 0.430462347882 0.129105076146
100416 0 0.119727744911 0.0777131903611 0.0964213879563 0.1231815962 0.181594805127
100417 0 0.0994775531613 0.096094721927 0.152582240818 0.0716782459673 0.0775550039331
100418 0 0.175941686774 0.126572368116 0.0921648445019 0.16061080129 0.324418733187
100419 0 0.0676068141545 0.0926296835583 0.0838570864277 0.042890171351 0.0510503152809
100420 0 0.131081947543 0.274080637226 0.0980268944074 0.072796988594 0.0794232699435
100421 1 0.417125911134 0.494070434181 0.425339975675 0.258522081613 0.490571153065
100422 1 0.587741429928 0.754006782627 0.407855985144 0.584114442943 0.604988508998
100423 1 0.974906842941 0.9676326804 0.968736974927 0.97444922842 0.988808488019
100424 0 0.0859328525753 0.148398079344 0.105350747603 0.0416393786817 0.0483432046724
100425 0 0.347343514141 0.33022755484 0.436996419172 0.379030684316 0.243119398234
100426 1 0.706678156138 0.783437307297 0.570336623466 0.822425560982 0.650513132808
100427 1 0.896638737024 0.930932879971 0.907629867853 0.897181472151 0.850810728119
100428 0 0.294507341229 0.299926998558 0.240892064084 0.34303647076 0.294173831513
100429 0 0.187691846157 0.271080679796 0.150806261685 0.127190943175 0.20168949997
100430 1 0.999173111194 0.999431512944 0.998333575918 0.999238857348 0.999688498565
100431 1 0.700731500785 0.603805197875 0.573096618859 0.797755036822 0.828269149585
100432 0 0.0831659736582 0.127137435019 0.00335870101616 0.190123554308 0.0120442042895
100433 1 0.995527043039 0.999160506304 0.994112386988 0.996817110699 0.992018168165
100434 1 0.132770019546 0.088274412395 0.133402762666 0.0780932381364 0.231309664985
100435 1 0.61333148547 0.21549892214 0.960925419251 0.293866876723 0.983034723765
100436 0 0.297627267496 0.373301642724 0.239343398112 0.289757330495 0.288106698651
100437 0 0.200088413959 0.177135555867 0.225978302168 0.187247624395 0.209992173405
100438 1 0.77337759154 0.833010040418 0.78470634575 0.847268858593 0.628525121397
100439 1 0.996365477877 0.998941613184 0.998658230292 0.991961062799 0.995901005232
100440 0 0.251783914065 0.206578358534 0.365739401207 0.210029069983 0.224788826536
100441 0 0.168763718631 0.17406222332 0.205419847981 0.0866210288749 0.208951774347
100442 0 0.546839323573 0.640582375361 0.503307104835 0.588543973072 0.454923841025
100443 1 0.3121509482 0.197621605744 0.213849965151 0.36806361375 0.469068608153
100444 1 0.663879756526 0.739266392174 0.592254174644 0.63876733751 0.685231121775
100445 0 0.215454687941 0.350283465566 0.225579604108 0.123025730362 0.16292995173
100446 1 0.505515048042 0.583501984667 0.243341888049 0.514282212263 0.68093410719
100447 0 0.223192672653 0.233475568252 0.336494112732 0.111019278954 0.211781730672
100448 0 0.274746343115 0.193703254822 0.352483643135 0.341617667797 0.211180806705
100449 0 0.191286859553 0.230047144589 0.125896524637 0.226800303589 0.182403465396
100450 1 0.946296489578 0.94867097908 0.922061394785 0.965167870534 0.949285713915
100451 0 0.252728209386 0.289045617407 0.218891625592 0.25750166922 0.245473925325
100452 0 0.0832128359368 0.123439297445 0.0740581865041 0.0822433823786 0.0531104774195
100453 1 0.669127353105 0.498723324023 0.603973878222 0.831900259625 0.741911950549
100454 0 0.407884798164 0.434535754511 0.355748183643 0.467407273056 0.373847981445
100455 0 0.512146002136 0.631428441168 0.530476644672 0.486553324266 0.400125598438
100456 1 0.407565735949 0.151813402324 0.537198592423 0.560369183876 0.380881765173
100457 0 0.118662597338 0.217352467531 0.135183900159 0.0539155042613 0.0681985174019
100458 0 0.256415273088 0.461816354639 0.165010182335 0.282077047359 0.116757508021
100459 0 0.148788029725 0.0889558332204 0.256154256479 0.0783140653408 0.171727963858
100460 0 0.249016524796 0.219900774779 0.310476826493 0.179947888539 0.285740609374
100461 0 0.141728682127 0.0775379775592 0.171341597669 0.141030150659 0.177005002619
100462 0 0.21661986771 0.332120345466 0.262644282508 0.0884776263794 0.183237216487
100463 0 0.231954091052 0.165222439194 0.266947441658 0.245735215928 0.249911267428
100464 0 0.34365685334 0.224842310624 0.421793644838 0.221811877548 0.506179580348
100465 0 0.103307790992 0.155163929935 0.0408342893072 0.0966064024036 0.120626542322
100466 0 0.0931988533816 0.0671244422139 0.0974901923764 0.10378771252 0.104393066416
100467 1 0.36929424753 0.387922404795 0.361333485417 0.349246351012 0.378674748898
100468 0 0.0906963118929 0.104028089898 0.0695003754284 0.113405537948 0.075851244297
100469 1 0.647259154612 0.590772015538 0.868512872837 0.353830314873 0.775921415202
100470 1 0.779510977531 0.791802814706 0.74224442927 0.810164484594 0.773832181555
100471 0 0.21968689939 0.167646173179 0.305238640247 0.171934013329 0.233928770805
100472 0 0.335480118077 0.265828599706 0.250137453839 0.443692436375 0.382261982387
100473 0 0.172959135277 0.0714005184361 0.149670867964 0.147944023413 0.322821131294
100474 0 0.211837055505 0.0998344984286 0.213445204602 0.226642463464 0.307426055525
100475 0 0.372167153879 0.496962238115 0.356524632884 0.329222671829 0.305959072688
100476 0 0.148135163187 0.186393229811 0.123312627752 0.103786126684 0.179048668502
100477 0 0.254432861848 0.0972876047929 0.38125699335 0.225141852764 0.314044996484
100478 0 0.0740048710335 0.0949724222928 0.038013444226 0.0513089866451 0.11172463097
100479 0 0.54623001167 0.609760355377 0.561737509167 0.525692784641 0.487729397493
100480 1 0.833231635441 0.891948175239 0.916861009529 0.884461059967 0.639656297027
100481 0 0.31987870288 0.330182822358 0.360410361897 0.241414129633 0.347507497632
100482 1 0.99976810854 0.999507909432 0.999823015868 0.999850898634 0.999890610226
100483 1 0.865938020014 0.818064350224 0.925191718812 0.924698660941 0.79579735008
100484 1 0.753210356573 0.798265354121 0.738167513008 0.677027353348 0.799381205817
100485 0 0.239702829328 0.265191535367 0.176974984274 0.253214409014 0.263430388659
100486 0 0.238980507403 0.272553034058 0.274742530388 0.209397363535 0.199229101631
100487 0 0.505891882516 0.350371502783 0.496578745701 0.741658837608 0.434958443971
100488 0 0.314662360187 0.454837189618 0.261432833416 0.182564507432 0.359814910281
100489 0 0.540730022475 0.661355647153 0.587175041526 0.434487679712 0.479901721509
100490 1 0.733971886208 0.698469890339 0.724513369634 0.677068966811 0.835835318049
100491 1 0.17228932829 0.158738238313 0.140631960302 0.262894908346 0.126892206198
100492 0 0.296344097146 0.26999012939 0.379378909993 0.220476175608 0.315531173592
100493 0 0.256463481554 0.19521577728 0.214962646339 0.335655592355 0.28001991024
100494 0 0.362527560104 0.292737009794 0.395424263861 0.395395267806 0.366553698955
100495 1 0.559180739162 0.344411762982 0.677232609449 0.425403684292 0.789674899923
100496 1 0.969833152288 0.982119009065 0.970963146827 0.950924742164 0.975325711096
100497 0 0.278444108616 0.165130692668 0.412618727912 0.147699750702 0.388327263183
100498 1 0.965371064837 0.968232351217 0.96966633907 0.958427957416 0.965157611644
100499 0 0.319329201264 0.388370981821 0.245427280858 0.481941920796 0.161576621582
100500 0 0.30153600089 0.559949332963 0.194590526394 0.281454386065 0.17014975814
100501 0 0.543973964787 0.493796456007 0.477730592319 0.63088208518 0.573486725643
100502 1 0.88418397477 0.982365339853 0.824781009101 0.966180049181 0.763409500947
100503 1 0.986204374015 0.982399172134 0.999381625052 0.963239722879 0.999796975996
100504 0 0.295469489139 0.31602159692 0.151276464564 0.459150894327 0.255429000744
100505 1 0.672339724502 0.6681009547 0.554427776014 0.695552184292 0.771277983003
100506 0 0.117833949612 0.219767331472 0.0748218736419 0.0594383454967 0.117308247836
100507 0 0.159325718201 0.163564866007 0.118456391979 0.210394229151 0.144887385665
100508 0 0.214305681574 0.295271398761 0.211643561372 0.149291849181 0.201015916981
100509 0 0.392656614774 0.297419332678 0.41741241585 0.548432503364 0.307362207203
100510 1 0.396836286065 0.286498916272 0.611780650573 0.31530556772 0.373760009693
100511 0 0.168716971291 0.134473448846 0.203375374863 0.169629329408 0.167389732048
100512 0 0.312644751817 0.224842996093 0.399180989388 0.281635420883 0.344919600904
100513 1 0.483510808189 0.54179758521 0.67782848919 0.406205661515 0.308211496842
100514 1 0.258111904813 0.200197721602 0.38821036323 0.229462776096 0.214576758325
100515 0 0.460246966225 0.509813230495 0.531601515141 0.32689271866 0.472680400605
100516 1 0.551011196626 0.39686457908 0.756927992711 0.441916862348 0.608335352363
100517 0 0.158443646537 0.248292572524 0.161204551102 0.148301121231 0.0759763412908
100518 0 0.332778236197 0.318689103463 0.339640903142 0.223904052417 0.448878885766
100519 0 0.444659757577 0.418000407962 0.444201857419 0.453620144255 0.46281662067
100520 1 0.695279710081 0.694242351988 0.803662339649 0.744555048523 0.538659100163
100521 1 0.588871847713 0.632302184622 0.66598560974 0.740749813754 0.316449782738
100522 0 0.0810269210316 0.0677997726542 0.109013003503 0.0633996024319 0.0838953055373
100523 1 0.998822305464 0.997719628721 0.997692819326 0.999888163387 0.999988610422
100524 0 0.4697639748 0.712118667665 0.379435189044 0.372921425834 0.414580616656
100525 1 0.725342883864 0.838405443586 0.556008920376 0.961303386574 0.54565378492
100526 0 0.336227237723 0.0605314184214 0.495566519692 0.134805883815 0.654005128963
100527 1 0.232280612301 0.240625813362 0.166307288212 0.228896576904 0.293292770725
100528 0 0.574830630285 0.578860544809 0.607756125748 0.676466966311 0.436238884273
100529 1 0.857188257038 0.818411837386 0.850473489512 0.837189183593 0.922678517661
100530 0 0.22870651914 0.251929722577 0.249323520825 0.244647287764 0.168925545392
100531 1 0.401399859535 0.483782838622 0.41060555238 0.401393602612 0.309817444524
100532 1 0.168759755687 0.162671904705 0.200567963953 0.140920472012 0.170878682076
100533 1 0.135181706751 0.1779007599 0.132030421804 0.122879831524 0.107915813774
100534 1 0.373024763496 0.413139635167 0.298048819312 0.436613415238 0.344297184269
100535 0 0.30554704462 0.452231272183 0.359280815015 0.246194928088 0.164481163193
100536 0 0.238297519822 0.220544411043 0.191402358287 0.314500138235 0.226743171723
100537 1 0.267072953512 0.383476598885 0.350382107065 0.214017655407 0.120415452693
100538 0 0.340539845647 0.319721175865 0.396116309226 0.395998943705 0.250322953792
100539 0 0.184975281945 0.179656135141 0.0976763524459 0.150280141803 0.312288498389
100540 1 0.994620673913 0.991644069843 0.999256863287 0.988843892 0.998737870522
100541 0 0.362973573579 0.198324646905 0.385036568286 0.284367508922 0.584165570203
100542 0 0.108979844595 0.132072633682 0.0765577875161 0.13765061143 0.0896383457529
100543 0 0.125639258782 0.155913752902 0.113109225211 0.0987346475961 0.134799409418
100544 0 0.301246930355 0.231642623278 0.148200178135 0.513248554257 0.311896365752
100545 1 0.392455547656 0.361703383821 0.444707003143 0.350073543531 0.413338260128
100546 1 0.536403198176 0.556612245725 0.514281615367 0.574466573598 0.500252358012
100547 1 0.293301899716 0.17355037061 0.120095213032 0.345458831241 0.53410318398
100548 1 0.205808113599 0.367638111625 0.202041925721 0.0985605391836 0.154991877868
100549 1 0.757237160677 0.587240678898 0.951494103296 0.542030337279 0.948183523233
100550 1 0.283543001607 0.332234696424 0.274405647362 0.275814091155 0.251717571486
100551 0 0.0956056023366 0.0695442041712 0.115708565392 0.0868724896083 0.110297150175
100552 0 0.432780686835 0.209084810289 0.543008272883 0.425091400687 0.55393826348
100553 1 0.995668693914 0.991669081938 0.992400302633 0.999689959795 0.998915431291
100554 0 0.146114272256 0.090013490452 0.184942742377 0.124907824468 0.184593031729
100555 0 0.400726835607 0.324168444093 0.461910241525 0.478116713558 0.338711943251
100556 0 0.653802395435 0.662931568692 0.575987160208 0.589367684605 0.786923168235
100557 1 0.281112546595 0.337228880009 0.345327942299 0.191068119196 0.250825244876
100558 0 0.0110411647089 0.0036172563458 0.00327957613087 0.0290625558629 0.00820527049587
100559 0 0.23860500982 0.360851679109 0.185492815051 0.236179750111 0.171895795008
100560 0 0.191564023332 0.138538403136 0.159063553018 0.163132688888 0.305521448285
100561 0 0.126022433972 0.0992466911854 0.142213354368 0.154815897872 0.107813792463
100562 0 0.282889875053 0.14037039207 0.323547475973 0.363602001335 0.304039630834
100563 1 0.99616367723 0.996453553234 0.998602786041 0.999385148212 0.990213221433
100564 0 0.379755194048 0.382669211076 0.300131042981 0.451685853075 0.384534669062
100565 0 0.398043614512 0.376454839342 0.567867062427 0.166229287863 0.481623268418
100566 1 0.932239776076 0.958272043474 0.903439489892 0.914652158417 0.95259541252
100567 0 0.244661663156 0.434622766383 0.140226187766 0.268742311114 0.135055387362
100568 0 0.203532058603 0.216446667123 0.234953346376 0.177232158479 0.185496062434
100569 0 0.333044373597 0.29160839599 0.272262422079 0.342135402934 0.426171273386
100570 1 0.901160418943 0.86227771614 0.886843262243 0.916110945614 0.939409751775
100571 0 0.348662626766 0.413329443221 0.278661426809 0.38373396671 0.318925670325
100572 1 0.393670437208 0.389621340595 0.338008162103 0.49485129899 0.352200947144
100573 1 0.764874787157 0.714325613966 0.767015388926 0.842904503293 0.735253642444
100574 1 0.185246082659 0.248378864097 0.178490319042 0.149084997487 0.165030150011
100575 0 0.301551352713 0.203967628396 0.265767893839 0.289960839842 0.446509048775
100576 1 0.999967091983 0.999970520206 0.999936681471 0.999990512406 0.999970653847
100577 0 0.440904013642 0.59284579562 0.373723219167 0.444415694022 0.352631345759
100578 1 0.798053560793 0.709138640356 0.796906210299 0.777199582759 0.908969809758
100579 0 0.202937440051 0.300473495227 0.134829274112 0.234251092969 0.142195897896
100580 1 0.859639202757 0.851687360519 0.814316549161 0.80661508155 0.965937819797
100581 0 0.0984333436817 0.121876563844 0.0719863812986 0.0827525739981 0.117117855586
100582 0 0.228942696384 0.543902605067 0.12313359344 0.126675248635 0.122059338393
100583 1 0.893407631809 0.854470568274 0.874206109819 0.943448074164 0.901505774979
100584 1 0.680686107057 0.597008577914 0.815907667581 0.71510569626 0.594722486475
100585 0 0.369452917944 0.279186171741 0.465590918032 0.440374025304 0.292660556701
100586 0 0.229748194239 0.127707319326 0.257765418337 0.183752907625 0.349767131669
100587 0 0.22125124786 0.209136307998 0.281530255492 0.19768300532 0.196655422631
100588 0 0.823999390276 0.756062392348 0.8384430587 0.792998515133 0.908493594921
100589 1 0.386664196369 0.352153631286 0.385920328548 0.368852600246 0.439730225397
100590 1 0.822794967863 0.839165461888 0.708240744103 0.921590756613 0.822182908848
100591 0 0.0704447630391 0.103239620742 0.0918275255953 0.0603174668004 0.0263944390188
100592 1 0.826895946501 0.77160768347 0.741326748711 0.902327897253 0.892321456569
100593 0 0.379575487598 0.448547860752 0.294145000738 0.479308375884 0.296300713019
100594 0 0.320951193213 0.0786153221069 0.211879143334 0.685319253081 0.307991054331
100595 1 0.680943224188 0.663101796171 0.672451701103 0.834137549993 0.554081849487
100596 1 0.416947613183 0.395240604218 0.494505676682 0.464287341887 0.313756829947
100597 0 0.235648271674 0.206551885396 0.219252148931 0.224428122826 0.292360929542
100598 0 0.310641934696 0.402130695643 0.358073598623 0.259816237158 0.222547207361
100599 0 0.198936045758 0.258664768534 0.190480644665 0.157955840452 0.18864292938
100600 1 0.330215551214 0.217584132679 0.427160423477 0.435548828486 0.240568820214
100601 0 0.112196479986 0.131437091626 0.110185561735 0.0535140016914 0.153649264893
100602 1 0.20662171964 0.175186495778 0.211279417785 0.195798127402 0.244222837597
100603 0 0.53047593252 0.56173695328 0.540557688122 0.57667845227 0.442930636409
100604 1 0.827341001469 0.806926560831 0.744804203129 0.862835939982 0.894797301933
100605 0 0.309042090446 0.366050909205 0.306799975004 0.189732077048 0.373585400526
100606 0 0.20548753356 0.202546642945 0.202200286972 0.250463936398 0.166739267923
100607 1 0.185463563047 0.118598084422 0.240928832408 0.175401425641 0.206925909716
100608 0 0.25505402242 0.40620545356 0.435360194817 0.0364198048446 0.142230636459
100609 0 0.193688903763 0.171380328976 0.225765736995 0.12766947992 0.24994006916
100610 1 0.664627303107 0.502132469618 0.696249133796 0.567774825319 0.892352783696
100611 0 0.276539111915 0.292557891384 0.262296985027 0.204720166898 0.346581404353
100612 1 0.926818338967 0.884857008302 0.891819613271 0.986453497476 0.94414323682
100613 1 0.179891046925 0.109407151309 0.15780130095 0.1972940528 0.255061682641
100614 0 0.380694804025 0.32808584626 0.374262479538 0.361749091406 0.458681798897
100615 0 0.164456271103 0.101719503547 0.206929534844 0.183813644894 0.165362401126
100616 0 0.270863482347 0.263885638013 0.335417568309 0.258109236262 0.226041486802
100617 1 0.926086154411 0.985201730548 0.957825437933 0.936461949968 0.824855499195
100618 1 0.376776819243 0.346733125308 0.376874195899 0.356407701495 0.42709225427
100619 1 0.59229210422 0.719362264871 0.615938135327 0.493009556775 0.540858459905
100620 1 0.513986108512 0.478100944891 0.569996237358 0.399555239273 0.608292012526
100621 0 0.117365228808 0.170199870714 0.143884150232 0.0881489939789 0.0672279003088
100622 0 0.0934056656336 0.140508966015 0.0903956170991 0.104463237165 0.0382548422551
100623 1 0.125290828274 0.160287900867 0.135764791026 0.0926064628372 0.112504158365
100624 0 0.125655682277 0.089077501886 0.108324237468 0.115988485355 0.189232504399
100625 0 0.249966026702 0.300798146409 0.235982787296 0.262934775338 0.200148397763
100626 1 0.889776390415 0.769772998947 0.97839333131 0.828132426802 0.982806804601
100627 0 0.421002813085 0.380700647572 0.620366966871 0.382032676645 0.300910961251
100628 0 0.171631136394 0.183551461841 0.215517278838 0.149026827989 0.138428976909
100629 0 0.0894672957466 0.143050246394 0.0796312632716 0.0716208527677 0.0635668205533
100630 0 0.259495258204 0.272901178421 0.223070971459 0.200047999431 0.341960883505
100631 1 0.196304222538 0.202980187359 0.250829084755 0.160021731627 0.171385886413
100632 0 0.137923815853 0.178294721035 0.133910046872 0.0924297351953 0.147060760311
100633 1 0.999989248204 0.999978916619 0.999988548863 0.999991957687 0.999997569648
100634 1 0.373271167902 0.554654274062 0.38770065385 0.270786390185 0.279943353513
100635 0 0.250693873091 0.31139787716 0.173007394346 0.202711760847 0.315658460012
100636 1 0.910353895303 0.870275369719 0.88573423873 0.959014683484 0.926391289281
100637 1 0.19291555996 0.0817597919581 0.180007427382 0.228813727417 0.281081293081
100638 0 0.224529111417 0.297692586466 0.164813666252 0.216745723343 0.218864469608
100639 0 0.159934826635 0.110413900897 0.231415363118 0.146939469767 0.150970572757
100640 0 0.181085749109 0.0524822440133 0.306669785544 0.1841998628 0.180991104078
100641 1 0.79613376872 0.532558514978 0.981785378979 0.688356617131 0.98183456379
100642 1 0.811597612106 0.821942820631 0.822073500321 0.796929029499 0.805445097974
100643 0 0.187460437785 0.177233818342 0.211398354915 0.273956734764 0.0872528431185
100644 1 0.385778604685 0.528030414553 0.196648931127 0.415971233827 0.402463839233
100645 0 0.602895305099 0.716193289084 0.558028436811 0.692242981738 0.445116512763
100646 0 0.136101754741 0.0562550513648 0.18050075887 0.159198316821 0.148452891907
100647 0 0.250604108617 0.365529678431 0.229041828385 0.211907741096 0.195937186555
100648 0 0.253711411192 0.160930574433 0.332064222037 0.288973033592 0.232877814705
100649 0 0.254870236597 0.284500114607 0.199810278334 0.24926967282 0.285900880629
100650 1 0.742690101395 0.795051966765 0.806428691366 0.568394906795 0.800884840656
100651 0 0.592262084845 0.563763445098 0.602847463722 0.700650393167 0.501787037394
100652 0 0.20602063777 0.22273365133 0.238517689317 0.0840186779688 0.278812532466
100653 1 0.658077723994 0.567145556576 0.757502421496 0.685429004442 0.622233913461
100654 0 0.379660241429 0.379668917356 0.425620027827 0.339412180021 0.373939840512
100655 0 0.311521082944 0.24208580317 0.336054858193 0.217571907421 0.450371762994
100656 1 0.358227740337 0.132389746204 0.468655180576 0.378473384611 0.453392649958
100657 0 0.0559367257576 0.0632792847053 0.0495140537031 0.0446172063743 0.0663363582478
100658 0 0.175330697057 0.193995087578 0.161641405758 0.134977334913 0.21070895998
100659 1 0.275082522925 0.299982800637 0.300635993385 0.220303209974 0.279408087705
100660 0 0.411899767146 0.374499585154 0.525959848611 0.274114561936 0.473025072883
100661 1 0.762950252007 0.829090258411 0.678039430572 0.777602657071 0.767068661974
100662 0 0.276488314117 0.407723854924 0.17490782509 0.180007128705 0.34331444775
100663 1 0.264052220028 0.291760924582 0.284361536815 0.286787571438 0.193298847276
100664 0 0.417439835132 0.474743492889 0.284976130476 0.314143013403 0.595896703758
100665 1 0.845714397195 0.628430770105 0.999576230767 0.756906713491 0.997943874416
100666 1 0.236156267849 0.2059574931 0.170413162847 0.191372222793 0.376882192657
100667 0 0.360500487231 0.290006028671 0.419014609272 0.476939223902 0.256042087078
100668 1 0.681240054658 0.634099148616 0.693577325058 0.712306013068 0.68497773189
100669 0 0.187961155793 0.205086732609 0.135158189644 0.261983758575 0.149615942342
100670 1 0.220567472541 0.341862634559 0.105014459539 0.230293473578 0.205099322488
100671 1 0.36931059182 0.393906447542 0.420663482535 0.235604745966 0.427067691236
100672 1 0.201497118913 0.123680981219 0.162217972239 0.27493385585 0.245155666343
100673 0 0.317237211239 0.230883175736 0.215041903772 0.365731201031 0.457292564418
100674 1 0.775242669603 0.794106728102 0.766700740679 0.77182300001 0.76834020962
100675 1 0.449445515904 0.441361714105 0.475767567563 0.172314128537 0.708338653412
100676 0 0.170164850016 0.124007503067 0.278393278812 0.15396815444 0.124290463745
100677 0 0.161023161802 0.406205634023 0.0227265175473 0.069564850858 0.145595644781
100678 1 0.343484991615 0.191836135455 0.366537708736 0.0646205115717 0.750945610696
100679 1 0.160094074043 0.202167936931 0.119533463857 0.18537558147 0.133299313912
100680 0 0.37330226385 0.311625865302 0.440733688657 0.397572040709 0.343277460733
100681 1 0.48913889484 0.514195524546 0.489812627951 0.461569673888 0.490977752976
100682 0 0.633279724437 0.46021186475 0.793232678552 0.436143488541 0.843530865906
100683 0 0.193909825582 0.31604273205 0.10760532864 0.187064294497 0.164926947141
100684 1 0.378069753551 0.420141385257 0.399894901392 0.325396702089 0.366846025465
100685 0 0.221652584567 0.145711186962 0.203968934561 0.281023303488 0.255906913257
100686 0 0.28032976801 0.209508464395 0.236270519728 0.401707278706 0.27383280921
100687 1 0.247998328982 0.200090920101 0.486674214454 0.152016649996 0.153211531379
100688 1 0.652538601477 0.376614481064 0.831410242597 0.581708747916 0.820420934332
100689 0 0.713582834936 0.744770512931 0.939724096287 0.712195813886 0.457640916638
100690 1 0.30094990797 0.410887248426 0.304507128098 0.195380731417 0.29302452394
100691 0 0.302845241628 0.334709849818 0.263679473804 0.218809925821 0.39418171707
100692 0 0.253945441523 0.232794627229 0.249742173405 0.137429671302 0.395815294157
100693 0 0.153124382527 0.0406586733907 0.11710759397 0.406205576893 0.0485256858535
100694 1 0.44166388244 0.563871921467 0.399605473259 0.326178923612 0.476999211421
100695 0 0.152964552453 0.233871774926 0.177521343131 0.101112269316 0.0993528224402
100696 1 0.47895454312 0.607118143225 0.386909694916 0.413306083074 0.508484251264
100697 1 0.692674360572 0.602615234518 0.680150032363 0.69300510673 0.794927068677
100698 1 0.352339770173 0.368152911002 0.367782133583 0.260741706504 0.412682329605
100699 1 0.634438276017 0.565432886518 0.542152675118 0.701665819634 0.728501722797
100700 0 0.412024410956 0.309353505518 0.227723535475 0.655442041533 0.455578561296
100701 1 0.485282931755 0.447008072631 0.355912924597 0.645277703352 0.492933026441
100702 0 0.251136292546 0.256216883447 0.142216489937 0.253762614887 0.352349181911
100703 1 0.316342049511 0.272001546379 0.452020023236 0.277931940372 0.263414688057
100704 1 0.3347199922 0.418213875009 0.281631683787 0.399170536878 0.239863873125
100705 0 0.188577721834 0.224507768174 0.0915710404814 0.138585858333 0.299646220346
100706 0 0.149757351527 0.0643675939774 0.154673335711 0.239570483457 0.140417992962
100707 1 0.554115311829 0.387484441141 0.748668327207 0.520249087267 0.560059391702
100708 1 0.433362595852 0.493436925672 0.436032872466 0.424213829456 0.379766755813
100709 0 0.319206576159 0.40405547499 0.435784124842 0.101942687329 0.335044017473
100710 0 0.217090514499 0.2247862715 0.177519478515 0.307570069138 0.158486238841
100711 1 0.306399160455 0.406349161055 0.313322839655 0.266782855858 0.239141785253
100712 1 0.933397464366 0.952703838318 0.867909357057 0.937008960406 0.975967701681
100713 1 0.582885531726 0.617593907308 0.442837779987 0.741130396833 0.529980042776
100714 1 0.631294713449 0.594787394945 0.573149535418 0.689837372749 0.667404550686
100715 0 0.149913088687 0.252807013031 0.106921033589 0.146011874645 0.0939124334849
100716 1 0.821522967277 0.880319055198 0.769163940025 0.884076338135 0.752532535749
100717 0 0.140064027734 0.214342941914 0.0993656587546 0.133541342253 0.113006168013
100718 0 0.126395539602 0.132038448985 0.148241997234 0.0651242321138 0.160177480076
100719 0 0.160561046423 0.207482353711 0.158260131828 0.16815390938 0.108347790773
100720 0 0.61994345238 0.632205597909 0.582686908621 0.611157342106 0.653723960885
100721 0 0.105250527145 0.169003371917 0.0415261606201 0.128033045783 0.0824395302584
100722 1 0.858972188664 0.93336304041 0.789979034805 0.950488838447 0.762057840995
100723 0 0.247091322726 0.18232275137 0.247148146468 0.25072130717 0.308173085897
100724 0 0.403177053376 0.566847389125 0.224327372244 0.440644143424 0.380889308711
100725 0 0.255947473786 0.307651650561 0.163724482661 0.251664309053 0.30074945287
100726 1 0.857371629404 0.881641585752 0.851688746556 0.875388669682 0.820767515628
100727 0 0.238690177046 0.225147620723 0.216437790771 0.270085226613 0.243090070079
100728 1 0.999758363755 0.999845325877 0.999692329829 0.999696356437 0.999799442878
100729 0 0.15860920603 0.192564818391 0.261797417842 0.075213944451 0.104860643434
100730 0 0.549347952611 0.528024550925 0.551517722242 0.553943761199 0.563905776077
100731 1 0.86292454819 0.863250196469 0.884605926102 0.909304355471 0.794537714719
100732 0 0.407692810361 0.369172442099 0.506984408177 0.266145392066 0.488468999102
100733 1 0.999794286998 0.999874228167 0.999602744433 0.999806059424 0.999894115969
100734 1 0.286165166811 0.280084185792 0.346306195385 0.177388485681 0.340881800385
100735 0 0.619365969262 0.643188828497 0.655110990726 0.778915425915 0.400248631908
100736 1 0.901240909214 0.687496749668 0.969124133811 0.979340588223 0.969002165152
100737 0 0.146595979594 0.229767177642 0.11005116573 0.140626765826 0.105938809178
100738 1 0.303561906563 0.175303088716 0.43526991382 0.402495186834 0.201179436883
100739 0 0.378781868772 0.509676809771 0.3389525639 0.328534078445 0.337964022972
100740 1 0.679493420397 0.747301225618 0.668813979383 0.733387691368 0.568470785218
100741 0 0.125172224574 0.164270653048 0.100810172254 0.0913997911077 0.144208281887
100742 1 0.269194379028 0.19779911949 0.354277029856 0.260111506782 0.264589859983
100743 1 0.450131686513 0.424760436681 0.486300179242 0.434064970159 0.455401159971
100744 1 0.325444145767 0.271267139301 0.214617213799 0.254706008219 0.561186221751
100745 0 0.314148844566 0.468238900801 0.330369938656 0.271850953649 0.186135585158
100746 1 0.448712803995 0.322175213398 0.681160633323 0.433211803297 0.358303565962
100747 1 0.561021818352 0.325945701652 0.593923924457 0.644979759029 0.679237888268
100748 0 0.178955624478 0.172000451635 0.216545641177 0.199820585174 0.127455819927
100749 0 0.149568607816 0.0917185856074 0.188655179472 0.171001710056 0.146898956128
100750 0 0.133263038856 0.070888509882 0.159088000759 0.152633221397 0.150442423388
100751 1 0.523559468603 0.583703360395 0.503574907184 0.469079363127 0.537880243707
100752 0 0.351186597337 0.286164464333 0.391908861519 0.382218927485 0.34445413601
100753 1 0.767136930181 0.892951198616 0.806310339046 0.709520678686 0.659765504375
100754 1 0.477947574967 0.480454977461 0.542370500031 0.695010167205 0.193954655169
100755 0 0.549421984215 0.547857760936 0.577702892369 0.602918491893 0.469208791662
100756 1 0.665069048186 0.59832853409 0.579343847714 0.710874364943 0.771729445998
100757 0 0.124367972136 0.0828070531422 0.0832385042261 0.136674451322 0.194751879852
100758 0 0.336841152945 0.400343317202 0.389551590428 0.222789922802 0.33467978135
100759 1 0.499033615396 0.89990828051 0.205618553044 0.670072849037 0.220534778993
100760 0 0.260014108856 0.34885771033 0.248726531092 0.238970825532 0.20350136847
100761 0 0.339269135756 0.212788635988 0.402311833156 0.441140926722 0.300835147158
100762 1 0.771141068586 0.749423450174 0.583318654844 0.980272217752 0.771549951575
100763 1 0.400176057394 0.232529176889 0.627066730569 0.209049436082 0.532058886034
100764 1 0.466208846663 0.586869348565 0.540290174418 0.366874570464 0.370801293205
100765 0 0.190664353436 0.143583446685 0.121181276636 0.122592794507 0.375299895918
100766 1 0.958708642354 0.997833677568 0.999957598523 0.837213377111 0.999829916213
100767 0 0.523499346197 0.720998559426 0.656731065493 0.37265052223 0.343617237638
100768 0 0.332597545909 0.264177496185 0.419766740678 0.407329283614 0.239116663158
100769 0 0.142334499272 0.140257093677 0.165019577334 0.130612516103 0.133448809973
100770 0 0.259457389884 0.434133066794 0.198610224739 0.226008962957 0.179077305045
100771 0 0.463087242244 0.612665852301 0.422603055359 0.331536435496 0.485543625819
100772 0 0.126484807407 0.161172418187 0.105840637709 0.0961447231137 0.142781450619
100773 0 0.514152999528 0.542752627314 0.442320721317 0.633105968918 0.438432680562
100774 0 0.154325149358 0.261127034806 0.0939177469575 0.147821121941 0.114434693726
100775 0 0.281052093567 0.294298941723 0.305343410548 0.269200995957 0.255365026039
100776 0 0.197471956645 0.298952815358 0.243287014262 0.153833033936 0.0938149630249
100777 0 0.289545057973 0.103644677655 0.459378481002 0.22210430401 0.373052769226
100778 1 0.957942177833 0.972649948867 0.926999803614 0.963338979021 0.968779979832
100779 1 0.588129221692 0.617376045039 0.626044440151 0.632055020642 0.477041380936
100780 0 0.443427857932 0.402378844058 0.51545376841 0.432422600171 0.423456219089
100781 0 0.116715240554 0.0809396706895 0.0979540412683 0.124495061345 0.163472188915
100782 0 0.224445182364 0.193530914057 0.258112645178 0.251495430285 0.194641739935
100783 1 0.375672039292 0.471071001186 0.346062629155 0.442140209083 0.243414317744
100784 0 0.351121474768 0.254656155914 0.512488766717 0.340158111791 0.29718286465
100785 0 0.129141847953 0.064554110135 0.0712604665687 0.210298908461 0.170453906649
100786 0 0.565011776376 0.41441636203 0.601839105313 0.578133498533 0.665658139629
100787 0 0.074930061768 0.149770053463 0.0404947852187 0.0619699138505 0.0474854945396
100788 0 0.327231161126 0.135870260308 0.331001680074 0.325814282874 0.516238421249
100789 0 0.181612181462 0.123878813482 0.205395769589 0.26288836324 0.134285779537
100790 0 0.32811295518 0.408206773406 0.249376804879 0.205929164233 0.448939078204
100791 1 0.313810261345 0.245340542508 0.453362796384 0.382323608236 0.174214098254
100792 0 0.298028229502 0.372520581649 0.206878160279 0.206358737434 0.406355438645
100793 0 0.517957878408 0.526301814782 0.520118920606 0.47540410987 0.550006668376
100794 0 0.483839290862 0.438799297539 0.693783617844 0.334730803714 0.46804344435
100795 0 0.224883210325 0.246928800592 0.239651333425 0.200769496174 0.212183211107
100796 1 0.463770224867 0.45196102206 0.26566399967 0.536803588177 0.600652289561
100797 0 0.246604671471 0.0339229893658 0.600800244581 0.0401973937404 0.311498058198
100798 0 0.212263128955 0.201830279003 0.236944782992 0.111881629397 0.29839582443
100799 0 0.459648849106 0.443541718706 0.52118058891 0.429085569624 0.444787519183
100800 1 0.935845802994 0.997504569538 0.788376409638 0.995243390384 0.962258842416
100801 1 0.356104652786 0.533102339086 0.303796673258 0.476104604901 0.1114149939
100802 0 0.0990815565939 0.0475416920371 0.179045188034 0.0789570423505 0.0907823039541
100803 0 0.201466123319 0.195815880851 0.268922688936 0.127200634344 0.213925289143
100804 0 0.211081226174 0.163326413146 0.271664716864 0.211826005307 0.19750776938
100805 0 0.200330133272 0.127585608208 0.189714307876 0.190394871262 0.29362574574
100806 0 0.293698163159 0.276881168355 0.360958141287 0.280270089566 0.256683253428
100807 0 0.082892208986 0.101135233107 0.0514375087862 0.07337544409 0.105620649961
100808 1 0.166703721252 0.153125910648 0.0787345657244 0.198054578042 0.236899830593
100809 1 0.999445938586 0.999517076331 0.999999307196 0.998267462797 0.999999908019
100810 0 0.32196514537 0.319974972509 0.452256545575 0.29380881407 0.221820249327
100811 1 0.766543248045 0.767568087525 0.831238993701 0.842222875769 0.625143035183
100812 0 0.346871770597 0.26891271765 0.268932541296 0.488663911365 0.360977912076
100813 1 0.244891279893 0.270992383807 0.179370532406 0.319669660924 0.209532542436
100814 1 0.626840550966 0.658394808334 0.555681528238 0.80664341864 0.486642448652
100815 0 0.394773321587 0.399976777468 0.213628838736 0.512617781869 0.452869888276
100816 0 0.0904346144661 0.0916245409056 0.137170071051 0.0509993169788 0.081944528929
100817 1 0.930882508283 0.960550438289 0.871975217801 0.982939652878 0.908064724163
100818 0 0.291361962848 0.391764376683 0.331872960658 0.20574126923 0.236069244821
100819 0 0.148856453028 0.175107192391 0.130133781437 0.0989557621935 0.191229076092
100820 0 0.400748616577 0.518350493091 0.308233004088 0.415737318653 0.360673650476
100821 0 0.17368883781 0.211183996063 0.105280598987 0.191742077712 0.186548678478
100822 0 0.230852308257 0.182489939784 0.30288643413 0.155419578748 0.282613280367
100823 1 0.294290062776 0.235122823845 0.294555305929 0.38948530322 0.257996818109
100824 1 0.815193206744 0.866950035417 0.795789595874 0.808256025711 0.789777169973
100825 1 0.63547605059 0.607508962252 0.716177937624 0.681423449915 0.536793852569
100826 0 0.295419893011 0.371613191525 0.295459114716 0.195462051433 0.31914521437
100827 0 0.242484356478 0.389569805822 0.213885517021 0.221726220763 0.144755882306
100828 0 0.119859260226 0.0275808791611 0.263470472885 0.084323188662 0.104062500197
100829 0 0.163770366159 0.20976655852 0.145952537127 0.106237126103 0.193125242887
100830 0 0.40096896274 0.288473212238 0.581968269914 0.498958382575 0.234475986232
100831 1 0.658068322584 0.688092757625 0.724150945319 0.666173234066 0.553856353326
100832 0 0.518350698437 0.572110692792 0.524103196774 0.669055493836 0.308133410348
100833 0 0.423772467958 0.33556961172 0.345370322792 0.554103711632 0.460046225687
100834 1 0.419818088626 0.283577375126 0.399357495225 0.231036032606 0.765301451547
100835 0 0.197924593785 0.228779493385 0.246082359201 0.143869987312 0.172966535243
100836 0 0.117674917346 0.0880696633452 0.0577645612513 0.20075978623 0.124105658556
100837 1 0.936877575938 0.933745104262 0.937230143 0.953718482896 0.922816573596
100838 0 0.150648971441 0.119003076627 0.254067805759 0.124943160685 0.104581842693
100839 1 0.640390949201 0.703031730652 0.781147534867 0.544008420855 0.533376110431
100840 0 0.214233662002 0.268448642241 0.132181159768 0.275430446708 0.180874399292
100841 1 0.384506696096 0.336858792655 0.352580439294 0.406321936661 0.442265615774
100842 0 0.322169589611 0.441158677959 0.345429638453 0.269833655621 0.232256386413
100843 1 0.259576735897 0.320822730236 0.139023504987 0.181065596005 0.39739511236
100844 0 0.0843985479766 0.040969881887 0.0660487250478 0.0700068607967 0.160568724175
100845 0 0.172674861993 0.169350924647 0.133935655329 0.197981976895 0.1894308911
100846 0 0.34549095973 0.37932436634 0.358580191265 0.298696334335 0.345362946981
100847 1 0.722339983174 0.63604106941 0.720815209571 0.7209471442 0.811556509515
100848 0 0.15179619965 0.168378805737 0.146459989081 0.112110383928 0.180235619853
100849 0 0.117586917137 0.0760657259117 0.104474847511 0.124879723919 0.164927371207
100850 1 0.719965860525 0.683475069355 0.779239748188 0.658794388647 0.75835423591
100851 1 0.387676151778 0.483812106389 0.327187448345 0.504961312075 0.234743740303
100852 0 0.512259731857 0.477435264524 0.552996968698 0.52444896393 0.494157730277
100853 1 0.924697166034 0.962853100366 0.905779676254 0.948337270748 0.881818616769
100854 0 0.172275705123 0.222509978321 0.187846564674 0.135104738829 0.143641538669
100855 1 0.526030139536 0.431021313277 0.525726210691 0.631441109112 0.515931925065
100856 1 0.999249962906 0.999734153804 0.998274303977 0.999728179344 0.999263214498
100857 1 0.890461727839 0.931080501035 0.717341819439 0.930335888586 0.983088702297
100858 0 0.109214717345 0.11169642091 0.120689156613 0.091108537306 0.113364754549
100859 1 0.327917147864 0.368849502216 0.312737726738 0.335009011249 0.295072351252
100860 1 0.475681364692 0.584217638982 0.418016555244 0.433731118172 0.466760146368
100861 0 0.167390606675 0.185725388499 0.114756766297 0.236149311932 0.13293095997
100862 0 0.308343198832 0.268798864728 0.276981339318 0.359600525118 0.327992066164
100863 0 0.152914676777 0.201188205948 0.168708035228 0.0722406688962 0.169521797036
100864 0 0.299819120622 0.585933568756 0.129193427561 0.234078364167 0.250071122004
100865 0 0.251050830478 0.377882813835 0.263039945748 0.223692697656 0.139587864674
100866 1 0.220624244537 0.254973068666 0.179278141881 0.271008133488 0.177237634113
100867 1 0.643440958346 0.537682471891 0.673761774913 0.562480125823 0.799839460759
100868 1 0.999422176474 0.998856492577 0.999794093107 0.999218850347 0.999819269866
100869 1 0.283093450977 0.113362007395 0.238478967918 0.321884665021 0.458648163575
100870 0 0.357048112423 0.357835707964 0.358791039204 0.471962893798 0.239602808724
100871 1 0.949904738191 0.913928456953 0.955499686003 0.95623084135 0.973959968457
100872 1 0.409265716081 0.635038103488 0.25027394163 0.529805904454 0.221944914753
100873 0 0.233803383678 0.368163354223 0.173675497034 0.249012274779 0.144362408676
100874 0 0.189147129239 0.282554973601 0.135618430909 0.215230962117 0.123184150328
100875 0 0.129508276201 0.203256485211 0.145634443731 0.0940232962615 0.0751188795987
100876 1 0.336804003953 0.371597746779 0.312135618186 0.328377194478 0.335105456369
100877 0 0.114371127175 0.0807502622646 0.141249211447 0.0679478944412 0.167537140547
100878 1 0.891097070245 0.92939807338 0.914737413733 0.915283882831 0.804968911035
100879 0 0.129826146903 0.13820379352 0.103152328032 0.140673254669 0.13727521139
100880 1 0.882424746508 0.795925552841 0.931213696062 0.907927965845 0.894631771285
100881 0 0.217018810556 0.281012529516 0.222063147402 0.0634291864296 0.301570378878
100882 1 0.728864864111 0.451538420146 0.894975365276 0.76764502605 0.801300644973
100883 0 0.191624691177 0.149409435479 0.14446161767 0.275932349485 0.196695362075
100884 0 0.168141208282 0.203582703107 0.142584905821 0.0948039939568 0.231593230242
100885 1 0.141700039606 0.149725471123 0.106288204403 0.133377064886 0.177409418012
100886 0 0.286167732241 0.201099082794 0.336985450522 0.197081568039 0.409504827611
100887 0 0.325278773534 0.355128656889 0.356978523707 0.254040775328 0.334967138213
100888 1 0.430789039022 0.496416611567 0.580881975703 0.258206282447 0.38765128637
100889 0 0.312159148527 0.41189349939 0.386564525012 0.301011651152 0.149166918552
100890 1 0.273834674321 0.252033119664 0.235706159717 0.32197384569 0.285625572212
100891 0 0.139682530785 0.189901942969 0.151625592534 0.0772247771226 0.139977810513
100892 0 0.111384470252 0.105765641007 0.260844919118 0.0729503079669 0.00597701291448
100893 0 0.764978113387 0.920873529954 0.484336157166 0.826036663594 0.828666102836
100894 1 0.733049024949 0.696249308049 0.73022292504 0.763822464892 0.741901401814
100895 0 0.476670368886 0.562770675159 0.390787037097 0.369071518126 0.584052245161
100896 0 0.153758425566 0.179580308879 0.131815258405 0.100157684314 0.203480450668
100897 0 0.232507086168 0.2526313518 0.21133646387 0.263364978071 0.202695550932
100898 0 0.219085255378 0.303777959717 0.225626815929 0.175753889942 0.171182355922
100899 0 0.20487542351 0.139444433659 0.176007869345 0.108627698089 0.395421692946
100900 1 0.635205920379 0.48775561241 0.650083809794 0.715524757167 0.687459502147
100901 0 0.156405813966 0.175832930858 0.123457274924 0.163646757314 0.162686292769
100902 0 0.790024186461 0.908047000428 0.63316953842 0.816158318268 0.802721888727
100903 1 0.634870521645 0.557331656212 0.600961784505 0.643066534476 0.738122111389
100904 1 0.819327266697 0.696229946314 0.901438088507 0.792398766082 0.887242265884
100905 1 0.599037183661 0.619312843572 0.578088745221 0.724967488059 0.473779657791
100906 0 0.364632533537 0.360112782505 0.244868382869 0.572204160077 0.281344808697
100907 0 0.139254055279 0.21619505867 0.0976814675532 0.173515344536 0.0696243503578
100908 1 0.481430585522 0.481494327054 0.328235848361 0.550672807239 0.565319359435
100909 1 0.48769209808 0.324856288018 0.70485799825 0.335441553791 0.585612552259
100910 0 0.109759721989 0.0778903267537 0.0956089874803 0.0953569403517 0.170182633372
100911 0 0.073279730017 0.0525474680874 0.0767521043143 0.0836642462506 0.0801551014158
100912 1 0.993037295448 0.998393359742 0.992944509398 0.982716344528 0.998094968124
100913 1 0.680020851102 0.635696261952 0.678566108778 0.702887117263 0.702933916416
100914 1 0.624804690695 0.712006474723 0.531721626064 0.488255486222 0.767235175769
100915 0 0.371847494952 0.299501314862 0.293851816178 0.473419962856 0.420616885914
100916 1 0.322898613577 0.30203236129 0.306963037317 0.295926166697 0.386672889006
100917 0 0.243035323024 0.236832956373 0.20853095252 0.102203458338 0.424573924864
100918 1 0.999999659891 0.99999989598 0.999999161761 0.999999826654 0.999999755171
100919 0 0.115177115246 0.185864397842 0.0933643358787 0.108509659316 0.0729700679469
100920 1 0.59552166764 0.581545865779 0.606193627928 0.655317216077 0.539029960775
100921 0 0.104696634051 0.115380944842 0.0864918384063 0.107942172242 0.108971580714
100922 1 0.428868184643 0.466419032523 0.295097486173 0.404252830061 0.549703389814
100923 0 0.137905093392 0.118293910512 0.140506989917 0.170190782398 0.122628690743
100924 1 0.25456487072 0.265769359101 0.238305276005 0.191610908563 0.322573939209
100925 1 0.465630959383 0.566246195666 0.468181372864 0.389866238116 0.438230030885
100926 0 0.155281092577 0.18179780763 0.139411775017 0.186324470946 0.113590316714
100927 1 0.689818000564 0.718612081703 0.669682286174 0.747019426305 0.623958208075
100928 1 0.307386778405 0.333346037687 0.275823424733 0.324041272987 0.296336378214
100929 1 0.999987810567 0.999999986051 0.99995216121 0.999999159286 0.99999993572
100930 1 0.42187068904 0.408353340015 0.370364147178 0.402622247551 0.506143021417
100931 0 0.278928684336 0.00645412614389 0.59350326085 0.40620545356 0.109551896791
100932 1 0.257218113889 0.16211964118 0.299414718959 0.162911480038 0.404426615378
100933 0 0.12165996387 0.195984467457 0.137996751447 0.0550015624536 0.097657074123
100934 0 0.179194163269 0.18157707904 0.119542218908 0.287544016738 0.128113338389
100935 1 0.976366211167 0.944749033482 0.977837600829 0.990630174926 0.992248035433
100936 0 0.478743592232 0.581232818528 0.301019885324 0.626129523938 0.406592141136
100937 0 0.199787221727 0.247062227781 0.214307132342 0.175595062896 0.162184463887
100938 1 0.316877931932 0.329555714745 0.236452698846 0.272650342768 0.42885297137
100939 0 0.0974757749102 0.15324447096 0.0727976504624 0.100830908632 0.0630300695864
100940 1 0.35490795089 0.259439919765 0.361186753122 0.491252085046 0.307753045628
100941 1 0.416632705478 0.640995399027 0.38019257803 0.370903407611 0.274439437243
100942 0 0.374062982008 0.546482374322 0.315671978256 0.105538573259 0.528559002197
100943 0 0.11913660683 0.119825240637 0.0898227900446 0.101384470883 0.165513925755
100944 1 0.435518355579 0.505461520576 0.472157271176 0.30555529667 0.458899333895
100945 1 0.885378649005 0.950566727834 0.858278877625 0.914262954999 0.818406035561
100946 1 0.258244565767 0.320012696674 0.290513544975 0.183198126285 0.239253895136
100947 0 0.271226479481 0.330555788191 0.318081327307 0.171131829619 0.265136972807
100948 1 0.721355932471 0.748123086279 0.721877811658 0.714168089608 0.701254742339
100949 1 0.997697827141 0.999616230603 0.994264027019 0.998761966039 0.998149084904
100950 0 0.159712767189 0.158005412594 0.157486177554 0.185715832689 0.13764364592
100951 0 0.392529074032 0.347293578968 0.398591305517 0.488175744402 0.336055667241
100952 1 0.708884992241 0.685212070679 0.71663521851 0.804979574393 0.628713105383
100953 1 0.935481262034 0.980676949443 0.830355271146 0.947752380572 0.983140446975
100954 1 0.22259756327 0.218485354933 0.21513381494 0.130335222455 0.326435860753
100955 0 0.157967780043 0.125578678055 0.194530261401 0.22837944252 0.0833827381952
100956 1 0.558543663853 0.499289101879 0.541952675453 0.519588870224 0.673344007855
100957 0 0.285015004127 0.281694561476 0.299022927106 0.324159729684 0.235182798243
100958 0 0.0909675594845 0.13280591113 0.0699562710282 0.0727789376741 0.0883291181058
100959 1 0.869198297624 0.89770389601 0.850966401903 0.871889405735 0.856233486846
100960 0 0.164085690739 0.178749070078 0.215067495668 0.133017364706 0.129508832503
100961 1 0.492778334139 0.356446829131 0.554420056547 0.759227989532 0.301018461345
100962 0 0.382706927932 0.338601217789 0.392121613855 0.464357321274 0.335747558809
100963 0 0.136557347967 0.140753997852 0.106106696818 0.234406783113 0.0649619140866
100964 0 0.0387400175357 0.0226851526456 0.02360828656 0.0211070944509 0.0875595364861
100965 1 0.604430207572 0.48831535623 0.705604412263 0.493396481183 0.730404580614
100966 0 0.345583708189 0.270762793122 0.38677731464 0.46191111595 0.262883609045
100967 0 0.289784153772 0.495412635791 0.143671160064 0.22850330817 0.291549511061
100968 1 0.543722575902 0.790223794858 0.353864688598 0.622226309499 0.408575510652
100969 0 0.0837877014368 0.150465598834 0.0448608715996 0.0694654916564 0.0703588436574
100970 0 0.392957026549 0.46545262702 0.424384053858 0.277085235424 0.404906189894
100971 0 0.495071187339 0.63836585204 0.41193740425 0.543891870954 0.386089622114
100972 0 0.129383298536 0.0666800006567 0.145244075301 0.109198416077 0.19641070211
100973 1 0.0931873316738 0.0338508003986 0.134740685662 0.147469510529 0.0566883301055
100974 1 0.797025366182 0.832516201987 0.871423033263 0.715173508121 0.768988721359
100975 1 0.486380468074 0.441976592689 0.46454261859 0.674375429122 0.364627231894
100976 0 0.537813134825 0.555739059509 0.621249866797 0.574771235258 0.399492377735
100977 1 0.859736075585 0.901859500253 0.79270527537 0.885403085166 0.85897644155
100978 0 0.0988520378475 0.181015372827 0.0707918026538 0.104847015595 0.0387539603143
100979 1 0.984429021481 0.964545396684 0.999601024483 0.974010437139 0.999559227618
100980 0 0.172226786543 0.170363460857 0.120553732663 0.23740537202 0.16058458063
100981 1 0.999914284481 0.999953024479 0.999902766444 0.999873439219 0.999927907781
100982 0 0.14584020389 0.197799893298 0.11260866538 0.125799264503 0.147152992378
100983 0 0.733678693343 0.826637738081 0.733396766832 0.666140887157 0.708539381301
100984 1 0.27517505226 0.209202679915 0.228201943131 0.315403993092 0.347891592904
100985 0 0.209261194027 0.209835149167 0.175079236547 0.231504127747 0.220626262645
100986 1 0.705245708639 0.787618228475 0.790628232394 0.497488452137 0.745247921551
100987 1 0.555085644806 0.402899348204 0.509435620868 0.600117092555 0.707890517597
100988 1 0.924296206206 0.946624263745 0.889946342524 0.900966256906 0.95964796165
100989 1 0.321350996966 0.38473506013 0.326602204485 0.131417670972 0.442649052276
100990 0 0.20207310028 0.249793481075 0.27585197435 0.122607664196 0.160039281498
100991 0 0.25624459913 0.217221610197 0.273025535455 0.369109731804 0.165621519063
100992 1 0.999941988233 0.999971680824 0.99984502715 0.999955450938 0.99999579402
100993 0 0.361639285644 0.368424832588 0.341594136889 0.359255615436 0.377282557663
100994 0 0.195996480839 0.204459437233 0.270504698531 0.195854659961 0.113167127632
100995 1 0.897335920445 0.876144356002 0.811927208448 0.95744725372 0.943824863611
100996 0 0.499975568368 0.503318600359 0.487125145171 0.44062809609 0.56883043185
100997 0 0.373552531976 0.355198153815 0.21700121938 0.279520816162 0.642489938548
100998 1 0.896589110759 0.890884436128 0.953399499701 0.835436289356 0.906636217851
100999 1 0.551295667947 0.247621664548 0.819366774606 0.218794652742 0.919399579891
