IDs scores
100366 
100556 
100601 
100591 
100973 
100099 
100931 
100031 
100154 
100715 
100757 
100685 
100206 
100558 
100692 
100045 
100818 
100312 
100845 
100436 
100970 
100115 
100723 
100835 
100336 
100999 
100103 
100771 
100062 
100277 
100608 
100677 
100085 
100285 
100409 
100278 
100379 
100411 
100118 
100131 
100559 
100810 
100947 
100305 
100885 
100089 
100473 
100474 
100568 
100303 
100693 
100302 
100481 
100145 
100499 
100345 
100892 
100486 
100760 
100247 
100501 
100635 
100066 
100560 
100217 
100741 
100367 
100743 
100686 
100124 
100823 
100963 
100936 
100756 
100883 
100224 
100821 
100530 
100307 
100213 
100564 
100919 
100721 
100840 
100094 
100347 
100210 
100500 
100602 
100870 
100267 
100993 
100873 
100156 
100917 
100788 
100090 
100348 
100676 
100355 
100710 
100985 
100011 
100575 
100969 
100596 
100229 
100344 
100114 
100998 
100004 
100310 
100805 
100758 
100785 
100073 
100862 
100910 
100097 
100781 
100471 
100135 
100391 
100477 
100478 
100237 
100698 
100234 
100876 
100167 
100116 
100181 
100189 
100466 
100107 
100078 
100357 
100906 
100679 
100991 
100086 
100416 
100102 
100555 
100896 
100055 
100476 
100332 
100095 
100375 
100406 
100611 
100748 
100443 
100801 
100630 
100589 
100923 
100888 
100322 
100161 
100378 
100534 
100615 
100279 
100384 
100052 
100545 
100768 
100789 
100374 
100248 
100749 
100092 
100309 
100776 
100155 
100221 
100038 
100539 
100829 
100475 
100231 
100293 
100362 
100671 
100849 
100195 
100678 
100629 
100072 
100081 
100964 
100149 
100136 
100586 
100828 
100554 
100194 
100076 
100392 
100193 
100812 
100926 
100580 
100730 
100242 
100463 
100018 
100108 
100933 
100667 
100205 
100093 
100734 
100250 
100350 
100024 
100626 
100793 
100915 
100080 
100961 
100621 
100437 
100994 
100041 
100943 
100465 
100717 
100764 
100509 
100908 
100087 
100725 
100675 
100286 
100243 
100177 
100342 
100046 
100819 
100777 
100806 
100954 
100700 
100808 
100232 
100526 
100001 
100493 
100174 
100656 
100100 
100402 
100239 
100271 
100339 
100816 
100826 
100737 
100958 
100172 
100720 
100982 
100898 
100008 
100386 
100875 
100567 
100014 
100770 
100807 
100625 
100565 
100695 
100244 
100364 
100739 
100832 
100574 
100581 
100491 
100196 
100939 
100887 
100182 
100858 
100434 
100946 
100907 
100144 
100968 
100863 
100214 
100960 
100707 
100787 
100353 
100783 
100836 
100121 
100769 
100358 
100638 
100320 
100065 
100935 
100228 
100376 
100872 
100533 
100606 
100984 
100718 
100652 
100281 
100059 
100043 
100204 
100754 
100061 
100512 
100032 
100255 
100928 
100202 
100921 
100613 
100957 
100418 
100452 
100441 
100537 
100282 
100761 
100747 
100866 
100860 
100627 
100458 
100584 
100207 
100459 
100945 
100937 
100729 
100175 
100292 
100170 
100236 
100861 
100341 
100203 
100467 
100841 
100561 
100417 
100550 
100461 
100444 
100664 
100795 
100660 
100909 
100324 
100275 
100614 
100541 
100890 
100017 
100009 
100665 
100886 
100068 
100632 
100323 
100333 
100179 
100356 
100410 
100507 
100200 
100680 
100316 
100784 
100772 
100071 
100803 
100253 
100895 
100506 
100137 
100774 
100822 
100705 
100351 
100622 
100451 
100544 
100649 
100791 
100159 
100932 
100950 
100372 
100854 
100492 
100283 
100605 
100036 
100230 
100168 
100449 
100442 
100624 
100972 
100343 
100639 
100393 
100542 
100551 
100408 
100178 
100084 
100246 
100455 
100662 
100800 
100587 
100308 
100146 
100904 
100562 
100019 
100429 
100646 
100425 
100123 
100582 
100637 
100469 
100532 
100264 
100548 
100689 
100027 
100419 
100790 
100208 
100468 
100706 
100905 
100607 
100447 
100151 
100566 
100897 
100044 
100338 
100786 
100681 
100696 
100111 
100485 
100197 
100420 
100779 
100227 
100752 
100703 
100306 
100298 
100188 
100719 
100119 
100363 
100110 
100494 
100535 
100990 
100462 
100901 
100654 
100354 
100274 
100572 
100508 
100859 
100191 
100029 
100683 
100983 
100631 
100571 
100482 
100838 
100511 
100142 
100249 
100352 
100738 
100833 
100346 
100597 
100775 
100497 
100668 
100070 
100365 
100047 
100986 
100598 
100980 
100289 
100412 
100383 
100600 
100616 
100133 
100536 
100663 
100900 
100874 
100150 
100015 
100400 
100171 
100609 
100745 
100623 
100797 
100125 
100704 
100827 
100006 
100799 
100620 
100240 
100702 
100401 
100314 
100869 
100924 
100013 
100570 
100148 
100911 
100051 
100349 
100543 
100304 
100879 
100104 
100750 
100513 
100515 
100186 
100525 
100489 
100385 
100744 
100842 
100522 
100096 
100792 
100472 
100687 
100699 
100916 
100180 
100547 
100825 
100259 
100524 
100260 
100334 
100651 
100975 
100585 
100033 
100002 
100329 
100746 
100020 
100360 
100454 
100716 
100028 
100798 
100940 
100557 
100331 
100682 
100889 
100263 
100421 
100577 
100470 
100588 
100815 
100222 
100930 
100517 
100269 
100128 
100527 
100976 
100848 
100644 
100390 
100979 
100397 
100359 
100510 
100422 
100844 
100226 
100291 
100619 
100233 
100934 
100317 
100056 
100414 
100949 
100763 
100448 
100361 
100579 
100518 
100867 
100918 
100978 
100373 
100670 
100063 
100951 
100030 
100782 
100672 
100694 
100962 
100709 
100394 
100780 
100141 
100966 
100265 
100460 
100163 
100922 
100751 
100997 
100143 
100464 
100864 
100902 
100599 
100742 
100956 
100371 
100604 
100496 
100010 
100802 
100813 
100538 
100211 
100129 
100628 
100105 
100753 
100187 
100389 
100446 
100711 
100252 
100199 
100254 
100647 
100714 
100727 
100075 
100724 
100634 
100520 
100531 
100284 
100641 
100083 
100655 
100684 
100688 
100881 
100440 
100899 
100058 
100603 
100040 
100431 
100697 
100069 
100657 
100272 
100134 
100732 
100519 
100079 
100514 
100388 
100843 
100164 
100321 
100192 
100311 
100794 
100846 
100387 
100938 
100147 
100809 
100380 
100335 
100967 
100593 
100256 
100139 
100273 
100064 
100106 
100445 
100941 
100457 
100965 
100505 
100337 
100112 
100944 
100955 
100219 
100438 
100736 
100996 
100583 
100643 
100415 
100484 
100878 
100884 
100270 
100658 
100225 
100691 
100268 
100132 
100988 
100504 
100126 
100261 
100021 
100569 
100701 
100804 
100516 
100023 
100592 
100839 
100140 
100834 
100294 
100287 
100190 
100245 
100297 
100319 
100977 
100987 
100673 
100109 
100925 
100618 
100666 
100573 
100340 
100831 
100450 
100165 
100456 
100117 
100995 
100488 
100811 
100424 
100428 
100290 
100903 
100713 
100762 
100653 
100549 
100830 
100546 
100326 
100927 
100595 
100453 
100054 
100088 
100796 
100101 
100183 
100529 
100552 
100661 
100894 
100209 
100645 
100648 
100490 
100877 
100850 
100495 
100325 
100847 
100914 
100034 
100396 
100395 
100853 
100074 
100891 
100082 
100169 
100865 
100185 
100920 
100778 
100025 
100152 
100382 
100327 
100824 
100989 
100130 
100160 
100296 
100669 
100640 
100280 
100037 
100026 
100855 
100712 
100690 
100590 
100540 
100893 
100773 
100427 
100042 
100913 
100153 
100674 
100636 
100708 
100755 
100642 
100659 
100650 
100594 
100005 
100157 
100882 
100912 
100871 
100288 
100726 
100423 
100238 
100735 
100212 
100740 
100610 
100759 
100184 
100814 
100016 
100067 
100060 
100050 
100851 
100433 
100942 
100820 
100765 
100369 
100049 
100251 
100857 
100403 
100330 
100399 
100295 
100432 
100318 
100022 
100503 
100216 
100377 
100122 
100370 
100300 
100138 
100098 
100868 
100176 
100952 
100521 
100012 
100201 
100039 
100880 
100048 
100578 
100313 
100959 
100398 
100852 
100767 
100235 
100127 
100404 
100407 
100315 
100502 
100563 
100158 
100368 
100328 
100480 
100733 
100276 
100257 
100981 
100971 
100728 
100722 
100426 
100220 
100262 
100223 
100837 
100948 
100617 
100483 
100439 
100479 
100091 
100113 
100430 
100299 
100487 
100301 
100166 
100218 
100528 
100974 
100173 
100817 
100241 
100162 
100576 
100266 
100856 
100498 
100731 
100953 
100405 
100633 
100435 
100766 
100120 
100007 
100000 
100198 
100053 
100612 
100215 
100553 
100413 
100003 
100523 
100992 
100057 
100035 
100929 
100258 
100077 
100381 
