IDs avgscores
100000 0.886400679894
100001 0.298915521621
100002 0.379116053025
100003 0.924104890109
100004 0.262933243368
100005 0.575911547278
100006 0.366906796609
100007 0.865945854876
100008 0.302481828091
100009 0.328585742903
100010 0.411667907818
100011 0.261319233562
100012 0.686749532482
100013 0.368461622336
100014 0.303127215113
100015 0.364527539135
100016 0.601575185734
100017 0.328558916504
100018 0.287745459562
100019 0.341149429298
100020 0.379465688181
100021 0.462718599429
100022 0.648594244848
100023 0.464298654314
100024 0.290018517677
100025 0.52928403494
100026 0.543615446628
100027 0.343617263847
100028 0.380475667722
100029 0.356701512452
100030 0.399032181997
100031 0.181369928746
100032 0.315827861009
100033 0.378683277176
100034 0.521053166704
100035 0.972892272806
100036 0.335375148763
100037 0.542493641715
100038 0.279949245117
100039 0.693674398738
100040 0.425604079304
100041 0.292251940663
100042 0.555627345648
100043 0.314319497284
100044 0.346265366204
100045 0.200521135775
100046 0.296620074716
100047 0.361339562947
100048 0.69487810041
100049 0.62715781549
100050 0.605510293935
100051 0.368856017181
100052 0.278171403587
100053 0.896600934244
100054 0.494839738164
100055 0.273416471494
100056 0.392876588777
100057 0.954334122423
100058 0.425174275509
100059 0.314223203308
100060 0.60436103099
100061 0.31558392155
100062 0.217951664832
100063 0.397452348068
100064 0.442604776369
100065 0.311677764591
100066 0.242164970176
100067 0.602485054597
100068 0.329440331382
100069 0.426531344913
100070 0.361178572177
100071 0.331919059493
100072 0.284111887876
100073 0.264096747934
100074 0.522650578123
100075 0.41778041668
100076 0.285961089385
100077 0.988706539969
100078 0.270508211527
100079 0.429426972822
100080 0.290620923614
100081 0.284120281447
100082 0.524813928406
100083 0.4217235751
100084 0.33903377634
100085 0.221122688197
100086 0.272701638415
100087 0.293831760207
100088 0.49697230497
100089 0.230199917106
100090 0.259437252163
100091 0.758829558898
100092 0.279341363884
100093 0.288382144892
100094 0.2543271284
100095 0.274819409703
100096 0.373701150794
100097 0.266133664029
100098 0.670682498365
100099 0.170804720828
100100 0.299952896216
100101 0.497507387283
100102 0.272833962118
100103 0.217666056805
100104 0.37151110243
100105 0.415065120381
100106 0.443794385484
100107 0.270128409322
100108 0.287772861274
100109 0.477164040867
100110 0.351420480324
100111 0.347157692141
100112 0.448801556966
100113 0.762134858229
100114 0.262798138282
100115 0.207806687076
100116 0.26842414991
100117 0.48051968193
100118 0.22492024855
100119 0.350531092193
100120 0.837378047108
100121 0.310355238512
100122 0.659610636977
100123 0.342383124635
100124 0.246586797106
100125 0.365995334174
100126 0.461431383152
100127 0.70819619686
100128 0.388200964401
100129 0.414492025995
100130 0.536138557015
100131 0.225480835331
100132 0.457564256731
100133 0.362941429339
100134 0.427548604394
100135 0.266602838019
100136 0.28482187642
100137 0.332574158438
100138 0.669110103912
100139 0.441849155754
100140 0.469383461617
100141 0.403538522064
100142 0.358355583649
100143 0.408055826526
100144 0.308326245762
100145 0.233337109662
100146 0.34071668186
100147 0.436394762828
100148 0.368600459965
100149 0.284771490001
100150 0.364479380251
100151 0.345439661459
100152 0.529346690128
100153 0.556822035504
100154 0.18327034493
100155 0.279573915763
100156 0.258848051443
100157 0.576246718133
100158 0.725534688726
100159 0.333765402645
100160 0.53645738828
100161 0.276764981052
100162 0.800679603819
100163 0.40594545539
100164 0.431665881344
100165 0.480155287862
100166 0.781996115992
100167 0.267854190612
100168 0.33541160958
100169 0.525428800787
100170 0.324202452671
100171 0.364729163811
100172 0.301452533814
100173 0.792787507764
100174 0.299457366929
100175 0.323954823131
100176 0.678321873946
100177 0.295348745606
100178 0.338974074577
100179 0.329836708037
100180 0.375013404353
100181 0.268527629197
100182 0.307090295798
100183 0.498273126782
100184 0.598816773082
100185 0.528542632105
100186 0.372436195822
100187 0.415775975704
100188 0.34966835986
100189 0.269188633418
100190 0.473295108404
100191 0.356412794989
100192 0.431770905464
100193 0.286459751658
100194 0.285911916233
100195 0.283112460641
100196 0.306777951308
100197 0.347487135101
100198 0.888660142786
100199 0.416855402577
100200 0.330575131777
100201 0.693352815229
100202 0.316445360933
100203 0.325800063654
100204 0.314354566071
100205 0.288301241566
100206 0.195890835761
100207 0.322347045617
100208 0.343961738
100209 0.504342464016
100210 0.255410173553
100211 0.413090762438
100212 0.589923646277
100213 0.252050133914
100214 0.308635799193
100215 0.903970958436
100216 0.653993377712
100217 0.242286978068
100218 0.785758290242
100219 0.450841664564
100220 0.742561460299
100221 0.279757690498
100222 0.386768331836
100223 0.748351152831
100224 0.249748864193
100225 0.456647641531
100226 0.391079358655
100227 0.349143383037
100228 0.311878724432
100229 0.262344444441
100230 0.335402511556
100231 0.281727518068
100232 0.298756193499
100233 0.391282758656
100234 0.267242360926
100235 0.707882470431
100236 0.324276315204
100237 0.267053578913
100238 0.587962203174
100239 0.300206498811
100240 0.367548762623
100241 0.795081509065
100242 0.287387323273
100243 0.295094172318
100244 0.304963263059
100245 0.473319980277
100246 0.339086582186
100247 0.239571205811
100248 0.278784328244
100249 0.358491948608
100250 0.288779743451
100251 0.62746367294
100252 0.416613893368
100253 0.332097965855
100254 0.416932734738
100255 0.316223726281
100256 0.441444108683
100257 0.737743128797
100258 0.984406087439
100259 0.376558246835
100260 0.377593887907
100261 0.46202903252
100262 0.743076425033
100263 0.382062678246
100264 0.343254230793
100265 0.404478288394
100266 0.801470098596
100267 0.257422235488
100268 0.457322751302
100269 0.388037881032
100270 0.455729068911
100271 0.300332482722
100272 0.427145716623
100273 0.4418965106
100274 0.355370100135
100275 0.328108346854
100276 0.737297788535
100277 0.218412066096
100278 0.223651794867
100279 0.277101293468
100280 0.541198051902
100281 0.313468819042
100282 0.318581408506
100283 0.335152011523
100284 0.420985693775
100285 0.222153756069
100286 0.294956984816
100287 0.472606625963
100288 0.583733069619
100289 0.362215463115
100290 0.484231607763
100291 0.391267778054
100292 0.324134031926
100293 0.281776275555
100294 0.472065489517
100295 0.641354557109
100296 0.537908736803
100297 0.474424160137
100298 0.349665708273
100299 0.767537593525
100300 0.666462759215
100301 0.776650059279
100302 0.232791506233
100303 0.232548586151
100304 0.370115403535
100305 0.228448378294
100306 0.349606223758
100307 0.252016259252
100308 0.340598665793
100309 0.279359643456
100310 0.263022006387
100311 0.4329879278
100312 0.201369446285
100313 0.696385580872
100314 0.368321557826
100315 0.712564696592
100316 0.331014056509
100317 0.39286042487
100318 0.647964703929
100319 0.475573485484
100320 0.31151762558
100321 0.431729648112
100322 0.276699837215
100323 0.329641735661
100324 0.327942565971
100325 0.513291365328
100326 0.492826869024
100327 0.530813175116
100328 0.73030945796
100329 0.379128143139
100330 0.637847084714
100331 0.381574605605
100332 0.274816388973
100333 0.329682402873
100334 0.377773578936
100335 0.440255049643
100336 0.214467664697
100337 0.448621133178
100338 0.346300477055
100339 0.300666846554
100340 0.47844644487
100341 0.324731901671
100342 0.296244103682
100343 0.33793651028
100344 0.262520212228
100345 0.234244038059
100346 0.359995799685
100347 0.254711154106
100348 0.259937647268
100349 0.369045005423
100350 0.290003588365
100351 0.333081315479
100352 0.358824701717
100353 0.309843064763
100354 0.354292099226
100355 0.260957037382
100356 0.330412398379
100357 0.271217100216
100358 0.311427998883
100359 0.389908817233
100360 0.379711062876
100361 0.393568781323
100362 0.282121498245
100363 0.351047887953
100364 0.305297207422
100365 0.361274355906
100366 0.110171100098
100367 0.24448930183
100368 0.729222738827
100369 0.620691754814
100370 0.662266552824
100371 0.410202433678
100372 0.334084419956
100373 0.397023854215
100374 0.278592122735
100375 0.27506589145
100376 0.312126717141
100377 0.655399779326
100378 0.276807662297
100379 0.223787022007
100380 0.439680655308
100381 0.99763496082
100382 0.530743014911
100383 0.362345799509
100384 0.278170081154
100385 0.373359229575
100386 0.302486848149
100387 0.434525720078
100388 0.430979656342
100389 0.415941126421
100390 0.389117554871
100391 0.26661095559
100392 0.286326472784
100393 0.338495838129
100394 0.40259391754
100395 0.52153248794
100396 0.521475317352
100397 0.389571385233
100398 0.700469518623
100399 0.638018803615
100400 0.36453952807
100401 0.368205483999
100402 0.300004762529
100403 0.632896350803
100404 0.709330462267
100405 0.81418086538
100406 0.275418174636
100407 0.709796333743
100408 0.338704192352
100409 0.222670077762
100410 0.330458099639
100411 0.224521805937
100412 0.362310701515
100413 0.919674013068
100414 0.392950473199
100415 0.452849844592
100416 0.272773655718
100417 0.326568927409
100418 0.31693980697
100419 0.343828463522
100420 0.347975965033
100421 0.38283504892
100422 0.390742747126
100423 0.587581609085
100424 0.483504448864
100425 0.342311374394
100426 0.742199628416
100427 0.554282578041
100428 0.483996921889
100429 0.341721629915
100430 0.764239321053
100431 0.426081655415
100432 0.645430892404
100433 0.606390333907
100434 0.307588014759
100435 0.825461828323
100436 0.202986991176
100437 0.291397499076
100438 0.452158841037
100439 0.757400319237
100440 0.424762303933
100441 0.31832766629
100442 0.336656030163
100443 0.275804481161
100444 0.327055341998
100445 0.444806524819
100446 0.416026340441
100447 0.345335931576
100448 0.393516031916
100449 0.335637196131
100450 0.479914465757
100451 0.33339339615
100452 0.317561897292
100453 0.494092183681
100454 0.380194104312
100455 0.33921261024
100456 0.480423653045
100457 0.445829030273
100458 0.321917578945
100459 0.322395712794
100460 0.40543644073
100461 0.326733729737
100462 0.353178703461
100463 0.287407753395
100464 0.40846338823
100465 0.292381806699
100466 0.269521447775
100467 0.325998408485
100468 0.344464068613
100469 0.342685592177
100470 0.383510822936
100471 0.266576400609
100472 0.374016678432
100473 0.230264263842
100474 0.230672345551
100475 0.281266371766
100476 0.274612440447
100477 0.266898879543
100478 0.266914708235
100479 0.758298283551
100480 0.731548192751
100481 0.232952448139
100482 0.357784862645
100483 0.756754381899
100484 0.45294309327
100485 0.347197517712
100486 0.235131208081
100487 0.769097688377
100488 0.482695020656
100489 0.373110618697
100490 0.507772496241
100491 0.30668581032
100492 0.335085019846
100493 0.299313096585
100494 0.351715863553
100495 0.513125664918
100496 0.411443591729
100497 0.361008155144
100498 0.80497169461
100499 0.233488733008
100500 0.255725113858
100501 0.240371911002
100502 0.722444647764
100503 0.650572976813
100504 0.458436541677
100505 0.447619242262
100506 0.332311817746
100507 0.330546368678
100508 0.355777220882
100509 0.293075833022
100510 0.390258866514
100511 0.358002826291
100512 0.315672357255
100513 0.372006207374
100514 0.430795782787
100515 0.37240587406
100516 0.463986681149
100517 0.387560319878
100518 0.394685445489
100519 0.429406979217
100520 0.41955700167
100521 0.683063268743
100522 0.373688371146
100523 0.933760402589
100524 0.376694795008
100525 0.372959261993
100526 0.298902518082
100527 0.388481482126
100528 0.789573029662
100529 0.498875901339
100530 0.249812039559
100531 0.419693773801
100532 0.343170854457
100533 0.312227282083
100534 0.27690194347
100535 0.352577670608
100536 0.363449598613
100537 0.318331256432
100538 0.413054452613
100539 0.280464814574
100540 0.546741820279
100541 0.328319412124
100542 0.338502110852
100543 0.369086763943
100544 0.333489213525
100545 0.278345244836
100546 0.491852626699
100547 0.375149482116
100548 0.343528462245
100549 0.489605756995
100550 0.326595483032
100551 0.338661841354
100552 0.500113541678
100553 0.90834667563
100554 0.285779071738
100555 0.272909305481
100556 0.158804774954
100557 0.380998725738
100558 0.197097407441
100559 0.22604339736
100560 0.242170272414
100561 0.3264974742
100562 0.341053507002
100563 0.723221909857
100564 0.252084732484
100565 0.303616767743
100566 0.34553046237
100567 0.302998318947
100568 0.231657587973
100569 0.463601667806
100570 0.368590507734
100571 0.357730422031
100572 0.355464018219
100573 0.478408832684
100574 0.306019090755
100575 0.261513841373
100576 0.80089908838
100577 0.383265005263
100578 0.695757692425
100579 0.394367362026
100580 0.286952642828
100581 0.306340415607
100582 0.342417166744
100583 0.452753410052
100584 0.322338819577
100585 0.378463667254
100586 0.285391404804
100587 0.340360718018
100588 0.386074520313
100589 0.276103429295
100590 0.546286479069
100591 0.162705906026
100592 0.465671654928
100593 0.441021099077
100594 0.57524076856
100595 0.493773962475
100596 0.262314171325
100597 0.360139966011
100598 0.361923888564
100599 0.408918376982
100600 0.362369448884
100601 0.159612192569
100602 0.256205292187
100603 0.425560806633
100604 0.41046785685
100605 0.335348409091
100606 0.312259264932
100607 0.345171128118
100608 0.218559761782
100609 0.364938850649
100610 0.590694445984
100611 0.27552195122
100612 0.897512390006
100613 0.316705641166
100614 0.32831672109
100615 0.276971006247
100616 0.362531896041
100617 0.754013778068
100618 0.478030577182
100619 0.391272196442
100620 0.366929364603
100621 0.291271322241
100622 0.333148163784
100623 0.365783125346
100624 0.337174748313
100625 0.303536671427
100626 0.290151536909
100627 0.321397842914
100628 0.414826190683
100629 0.283906014961
100630 0.276092693594
100631 0.357552301482
100632 0.329566107096
100633 0.820347259579
100634 0.418827657177
100635 0.24130773647
100636 0.558102104371
100637 0.342421596575
100638 0.311501710811
100639 0.33810298009
100640 0.540537442852
100641 0.421693299225
100642 0.566259444056
100643 0.452804639811
100644 0.388867371499
100645 0.505773280395
100646 0.341873060027
100647 0.417140785771
100648 0.506788262524
100649 0.333627278586
100650 0.568083658895
100651 0.378077486005
100652 0.31319905901
100653 0.489381969653
100654 0.353803714431
100655 0.423502696308
100656 0.299812439913
100657 0.426768600179
100658 0.456556437176
100659 0.567010794876
100660 0.32762308766
100661 0.50329657688
100662 0.339607184801
100663 0.363517492618
100664 0.327303177203
100665 0.328993112516
100666 0.478190800831
100667 0.287931101662
100668 0.361146360598
100669 0.539766618746
100670 0.397036926736
100671 0.282276724658
100672 0.401283839282
100673 0.477091962151
100674 0.557262065784
100675 0.294916995981
100676 0.260266391658
100677 0.219663106055
100678 0.283454098048
100679 0.271768085524
100680 0.330910181979
100681 0.346344807816
100682 0.381687210156
100683 0.357293485224
100684 0.42402563506
100685 0.194688013712
100686 0.245326384343
100687 0.374296733303
100688 0.424150073931
100689 0.343571540029
100690 0.545382255682
100691 0.457023530156
100692 0.199875507395
100693 0.232676312839
100694 0.40142587833
100695 0.304121106514
100696 0.346752425906
100697 0.426418671225
100698 0.267127640972
100699 0.37432816577
100700 0.298400621932
100701 0.463712023338
100702 0.367876499212
100703 0.349438030274
100704 0.366576550725
100705 0.332921557467
100706 0.344885530682
100707 0.309074238464
100708 0.559775590968
100709 0.402513804033
100710 0.261162362129
100711 0.416255683819
100712 0.54452862737
100713 0.484464856078
100714 0.417554539828
100715 0.185608836108
100716 0.380326604279
100717 0.292830099091
100718 0.312953150662
100719 0.350370030634
100720 0.302260783144
100721 0.252599919628
100722 0.742046925257
100723 0.208090149482
100724 0.418473767067
100725 0.294597455906
100726 0.584057030554
100727 0.417665141484
100728 0.741660102996
100729 0.323946237231
100730 0.287058616004
100731 0.805556524989
100732 0.428990873759
100733 0.737270375903
100734 0.288385238932
100735 0.588532091875
100736 0.452537718194
100737 0.301222271716
100738 0.359496352407
100739 0.305794966847
100740 0.590107457963
100741 0.244410197333
100742 0.409933982027
100743 0.244880602718
100744 0.373499601267
100745 0.36566524673
100746 0.379444252222
100747 0.318787589979
100748 0.275731529754
100749 0.279216503684
100750 0.371591887078
100751 0.406632723591
100752 0.349386124375
100753 0.415170111904
100754 0.314443702334
100755 0.560487376016
100756 0.248982856317
100757 0.188267591698
100758 0.263422285345
100759 0.591632897062
100760 0.237543677179
100761 0.318729860372
100762 0.487506744364
100763 0.393506267777
100764 0.292988651407
100765 0.618652597364
100766 0.833445447978
100767 0.707593390194
100768 0.278370069114
100769 0.311073905508
100770 0.303240742721
100771 0.217801865819
100772 0.331621433128
100773 0.553663429042
100774 0.332624098995
100775 0.360579920054
100776 0.279527080959
100777 0.296651024358
100778 0.529075685884
100779 0.348890805595
100780 0.403283682757
100781 0.266220808069
100782 0.401282394184
100783 0.309867774697
100784 0.331267739857
100785 0.263983605455
100786 0.346317517105
100787 0.309834156295
100788 0.259216684669
100789 0.278444429537
100790 0.343868522031
100791 0.333732083199
100792 0.373987526556
100793 0.290228298439
100794 0.433221573319
100795 0.327529014998
100796 0.497183973431
100797 0.365826753926
100798 0.380702488988
100799 0.366916129092
100800 0.339715054701
100801 0.276079322569
100802 0.411842384336
100803 0.331939870842
100804 0.463739005603
100805 0.263130205738
100806 0.296687260993
100807 0.303455629817
100808 0.298479991154
100809 0.436828901514
100810 0.226639996779
100811 0.483310400363
100812 0.286720005403
100813 0.412361002252
100814 0.599190323066
100815 0.38622633576
100816 0.300725558077
100817 0.792913513647
100818 0.200822694974
100819 0.296639482415
100820 0.614639969358
100821 0.249757556143
100822 0.332661278911
100823 0.247210430143
100824 0.531325805926
100825 0.37533321823
100826 0.300731880475
100827 0.366723521567
100828 0.285531897228
100829 0.281245483275
100830 0.489766695253
100831 0.479502942805
100832 0.30590084539
100833 0.359697796963
100834 0.469926354625
100835 0.209159910829
100836 0.310180439264
100837 0.749089309073
100838 0.357806001737
100839 0.467011527096
100840 0.253745910446
100841 0.326139784541
100842 0.373653946999
100843 0.431448821617
100844 0.3909745407
100845 0.202656474592
100846 0.43363213659
100847 0.514940647421
100848 0.388808005211
100849 0.282814009783
100850 0.512220416295
100851 0.605986150316
100852 0.707453216131
100853 0.522286839959
100854 0.334126364097
100855 0.543933599295
100856 0.804811992609
100857 0.62994476638
100858 0.30723390189
100859 0.356390042427
100860 0.319528437915
100861 0.324311939376
100862 0.265450272477
100863 0.308481233329
100864 0.408887719643
100865 0.52785163786
100866 0.318798046454
100867 0.394793202055
100868 0.672479415504
100869 0.368341337267
100870 0.256465867869
100871 0.583569133167
100872 0.312195258647
100873 0.258077047614
100874 0.364326620894
100875 0.302795532772
100876 0.26759061858
100877 0.509415702477
100878 0.453912475888
100879 0.370922016301
100880 0.693812796987
100881 0.424601980652
100882 0.580373556527
100883 0.249310234679
100884 0.455364192921
100885 0.22853681379
100886 0.329091301134
100887 0.307073743324
100888 0.27637721464
100889 0.381941893971
100890 0.328322417725
100891 0.523166773331
100892 0.234397926337
100893 0.552667601546
100894 0.503804633989
100895 0.3322956749
100896 0.2732358204
100897 0.345811795608
100898 0.302423570528
100899 0.424950075838
100900 0.363883405078
100901 0.353583283307
100902 0.40891421188
100903 0.484337740011
100904 0.340868790407
100905 0.345104613466
100906 0.271378963252
100907 0.308169703036
100908 0.293618742794
100909 0.327677632667
100910 0.265692956943
100911 0.368824143275
100912 0.58124158519
100913 0.556639523684
100914 0.515780045096
100915 0.290473700138
100916 0.374471552017
100917 0.258999388946
100918 0.394896551697
100919 0.252251418734
100920 0.528677303183
100921 0.316488778249
100922 0.40661014384
100923 0.27626211445
100924 0.368346507342
100925 0.477431132821
100926 0.28680687391
100927 0.493647533973
100928 0.316416642623
100929 0.980414181808
100930 0.38700442129
100931 0.172619844278
100932 0.333798175674
100933 0.287884325157
100934 0.392143900415
100935 0.31182303208
100936 0.248701251664
100937 0.323383245265
100938 0.435904852594
100939 0.306854830264
100940 0.380787250812
100941 0.445747856093
100942 0.61239908779
100943 0.292306003953
100944 0.448874112274
100945 0.323152147763
100946 0.307639228739
100947 0.227997999203
100948 0.750575894809
100949 0.393325634922
100950 0.333825953898
100951 0.398324821393
100952 0.680949471847
100953 0.810910405469
100954 0.297712806766
100955 0.450315547608
100956 0.410031804324
100957 0.316870512748
100958 0.301427098272
100959 0.699309448898
100960 0.308989144509
100961 0.290728196678
100962 0.402255616659
100963 0.248661373082
100964 0.284472317749
100965 0.44742441302
100966 0.404447129453
100967 0.440949087857
100968 0.308374749608
100969 0.261663553133
100970 0.205285556723
100971 0.741022580444
100972 0.337699262858
100973 0.168122485766
100974 0.792781103779
100975 0.378275979031
100976 0.388788771877
100977 0.476445954245
100978 0.395893101373
100979 0.389261463336
100980 0.361954022077
100981 0.739872681998
100982 0.302382243787
100983 0.357515281194
100984 0.31274149757
100985 0.261265577876
100986 0.361716458436
100987 0.476714148586
100988 0.457689037968
100989 0.534899608245
100990 0.353169443473
100991 0.2720141514
100992 0.942384292344
100993 0.258015947337
100994 0.291573411885
100995 0.482071085808
100996 0.452595785342
100997 0.407861837335
100998 0.262811510322
100999 0.216566645906
