IDs label avgscores score0 score1 score2 score3
100000 1 0.886400679894 0.92237713508 0.848395915799 0.87549175737 0.899337911329
100001 0 0.298915521621 0.325217804859 0.292749305131 0.294339563696 0.283355412797
100002 1 0.379116053025 0.398633475295 0.33787367853 0.461167175755 0.318789882521
100003 1 0.924104890109 0.955675049006 0.928285367487 0.890577733481 0.921881410463
100004 0 0.262933243368 0.205959664138 0.332006313685 0.20005733218 0.313709663469
100005 1 0.575911547278 0.687588359676 0.600951656527 0.525829689615 0.489276483295
100006 0 0.366906796609 0.35164948215 0.40017493186 0.381506765192 0.334296007235
100007 1 0.865945854876 0.796897171517 0.929731734358 0.780840390551 0.95631412308
100008 0 0.302481828091 0.248843790274 0.35657521561 0.318238762221 0.286269544261
100009 0 0.328585742903 0.305556073199 0.340852133187 0.322428787767 0.345505977458
100010 0 0.411667907818 0.384597305636 0.452916070209 0.436041831388 0.373116424037
100011 0 0.261319233562 0.252302793158 0.246359943444 0.234881070278 0.311733127368
100012 0 0.686749532482 0.558665487353 0.815997573217 0.735835652633 0.636499416723
100013 0 0.368461622336 0.402788502286 0.36050692751 0.426428209928 0.284122849618
100014 1 0.303127215113 0.325634470121 0.329767324946 0.259953394177 0.29715367121
100015 1 0.364527539135 0.353542510348 0.378399941707 0.338484370058 0.387683334426
100016 1 0.601575185734 0.690733485227 0.580196883657 0.572995052993 0.562375321061
100017 0 0.328558916504 0.319095768668 0.351545420144 0.341916304837 0.301678172368
100018 0 0.287745459562 0.251240887776 0.363608610592 0.266228051651 0.26990428823
100019 1 0.341149429298 0.360879660398 0.282216850289 0.328066200857 0.393435005649
100020 0 0.379465688181 0.35366225854 0.437871104749 0.266451263348 0.459878126087
100021 1 0.462718599429 0.898757752111 0.149151360746 0.45335660653 0.349608678327
100022 0 0.648594244848 0.739985388332 0.705216111636 0.50554700229 0.643628477134
100023 1 0.464298654314 0.401860354902 0.561459952122 0.381304481584 0.512569828646
100024 0 0.290018517677 0.241243443427 0.370600672527 0.35089182296 0.197338131793
100025 1 0.52928403494 0.62217598331 0.518105117237 0.603112934477 0.373742104737
100026 1 0.543615446628 0.548518884325 0.605185462805 0.511096263858 0.509661175522
100027 0 0.343617263847 0.271298073338 0.315497847338 0.300206016254 0.487467118458
100028 1 0.380475667722 0.392915470977 0.484548937111 0.303752635666 0.340685627135
100029 0 0.356701512452 0.327354682447 0.419672380273 0.314774238504 0.365004748583
100030 0 0.399032181997 0.364890346776 0.498456639505 0.35646067711 0.376321064599
100031 0 0.181369928746 0.227626317396 0.179171685363 0.139007417245 0.17967429498
100032 0 0.315827861009 0.302697696392 0.356485030922 0.301380641969 0.302748074755
100033 0 0.378683277176 0.440972837261 0.643765205391 0.356039953047 0.0739551130064
100034 1 0.521053166704 0.574287001466 0.608112428367 0.543502189499 0.358311047485
100035 1 0.972892272806 0.96960666333 0.973996636064 0.981598477338 0.966367314491
100036 1 0.335375148763 0.341085760736 0.326617421167 0.281619246277 0.392178166872
100037 1 0.542493641715 0.565378551281 0.453300110239 0.564546430032 0.586749475307
100038 0 0.279949245117 0.330080575816 0.29230795907 0.200396303766 0.297012141818
100039 0 0.693674398738 0.789232610848 0.804557547604 0.40169430659 0.779213129909
100040 1 0.425604079304 0.413686800043 0.505863909045 0.334798165392 0.448067442736
100041 0 0.292251940663 0.345212508858 0.268350157746 0.294114783022 0.261330313027
100042 0 0.555627345648 0.574954829257 0.615943619724 0.499099132546 0.532511801065
100043 0 0.314319497284 0.322272291916 0.308713336587 0.332847206355 0.293445154277
100044 0 0.346265366204 0.312647649136 0.375927627462 0.326576563594 0.369909624626
100045 0 0.200521135775 0.172469597938 0.266754822725 0.204697754925 0.158162367511
100046 0 0.296620074716 0.275226453191 0.322186740709 0.303266407494 0.285800697468
100047 0 0.361339562947 0.464647884221 0.316668384569 0.367908633448 0.296133349551
100048 1 0.69487810041 0.575891548245 0.704474664377 0.798899737988 0.70024645103
100049 1 0.62715781549 0.623308531114 0.549393251803 0.689743200379 0.646186278665
100050 1 0.605510293935 0.566054726107 0.633195069401 0.631393291584 0.591398088648
100051 0 0.368856017181 0.320456725959 0.41085457146 0.383750417832 0.360362353474
100052 0 0.278171403587 0.209906549043 0.327657241187 0.276409072181 0.298712751936
100053 1 0.896600934244 0.923579832882 0.862638433598 0.873272092702 0.926913377793
100054 1 0.494839738164 0.37012651617 0.470829036941 0.275215315899 0.863188083646
100055 0 0.273416471494 0.275132725474 0.299264009102 0.239089232051 0.280179919347
100056 0 0.392876588777 0.407482707761 0.483823568442 0.260731161834 0.41946891707
100057 1 0.954334122423 0.964946540844 0.941355357449 0.95084827792 0.96018631348
100058 1 0.425174275509 0.388879017463 0.450907141456 0.357455884688 0.503455058428
100059 0 0.314223203308 0.128460430976 0.449348369076 0.307505065882 0.371578947299
100060 1 0.60436103099 0.619219095185 0.568290287754 0.57124368192 0.658691059103
100061 1 0.31558392155 0.285399332498 0.361476846421 0.246312043485 0.369147463797
100062 1 0.217951664832 0.260125251003 0.24290041188 0.187576134214 0.18120486223
100063 0 0.397452348068 0.338183623886 0.446217753303 0.515697271264 0.289710743821
100064 0 0.442604776369 0.387438800395 0.534484652891 0.448075769977 0.400419882214
100065 1 0.311677764591 0.333978555943 0.376805735726 0.236524949537 0.299401817159
100066 0 0.242164970176 0.272135602561 0.288405405675 0.171373376097 0.236745496369
100067 0 0.602485054597 0.633951861846 0.644342843994 0.681606399716 0.450039112833
100068 1 0.329440331382 0.231501548708 0.374536050119 0.307974217589 0.403749509111
100069 1 0.426531344913 0.41998524521 0.508571479405 0.359092050611 0.418476604428
100070 1 0.361178572177 0.365086561482 0.408637764169 0.324370032293 0.346619930764
100071 0 0.331919059493 0.314294763554 0.26295577614 0.37062937529 0.379796322988
100072 0 0.284111887876 0.266876531615 0.36673437576 0.17267071434 0.330165929791
100073 0 0.264096747934 0.202214327542 0.221062171985 0.249777122178 0.383333370033
100074 1 0.522650578123 0.442664585 0.557797242063 0.506820500327 0.583319985102
100075 1 0.41778041668 0.429172745103 0.463965057012 0.461124285834 0.316859578772
100076 0 0.285961089385 0.34097965017 0.242822441757 0.341932110725 0.218110154887
100077 1 0.988706539969 0.999167877273 0.980083595191 0.996388457917 0.979186229497
100078 0 0.270508211527 0.346187489927 0.213286990755 0.249513501197 0.273044864231
100079 0 0.429426972822 0.384343009433 0.469780624157 0.477233519501 0.386350738198
100080 0 0.290620923614 0.455678661782 0.234693893586 0.205813247183 0.266297891906
100081 1 0.284120281447 0.29423724522 0.272816608549 0.276469914147 0.292957357871
100082 1 0.524813928406 0.449389999238 0.565408760411 0.56332219965 0.521134754326
100083 0 0.4217235751 0.310645748232 0.49384373806 0.46688194083 0.415522873279
100084 0 0.33903377634 0.282824264178 0.344422146839 0.385875765906 0.343012928438
100085 0 0.221122688197 0.187099371032 0.262598710741 0.230695951835 0.204096719181
100086 0 0.272701638415 0.296218022257 0.20996332765 0.301327024567 0.283298179187
100087 1 0.293831760207 0.396457013777 0.301819681176 0.244900198661 0.232150147213
100088 1 0.49697230497 0.545064739664 0.485227949515 0.437036542993 0.520559987709
100089 1 0.230199917106 0.266184929319 0.245537120375 0.205167449163 0.203910169567
100090 1 0.259437252163 0.224619399847 0.26665866513 0.22899204341 0.317478900264
100091 1 0.758829558898 0.813956297334 0.814354513419 0.682371118117 0.724636306723
100092 0 0.279341363884 0.367174624788 0.276203981571 0.251766961519 0.222219887658
100093 0 0.288382144892 0.349107436558 0.228440616367 0.237977575185 0.338002951459
100094 0 0.2543271284 0.206145119567 0.248790387532 0.281488365401 0.280884641101
100095 0 0.274819409703 0.239515125185 0.226087586752 0.276055065679 0.357619861198
100096 1 0.373701150794 0.336954191914 0.39557551786 0.354957329442 0.407317563961
100097 0 0.266133664029 0.24768644747 0.324034846111 0.250692873712 0.242120488821
100098 1 0.670682498365 0.75576867103 0.724817002702 0.68908931722 0.51305500251
100099 0 0.170804720828 0.166909621037 0.150149137168 0.166149558372 0.200010566733
100100 0 0.299952896216 0.282496224371 0.374290037719 0.297634666058 0.245390656716
100101 1 0.497507387283 0.373954593686 0.583014557344 0.476583957919 0.556476440183
100102 0 0.272833962118 0.282649327842 0.279860277719 0.268681710331 0.260144532581
100103 0 0.217666056805 0.224324889782 0.229630427486 0.186549105127 0.230159804825
100104 0 0.37151110243 0.388740541698 0.362508189652 0.426925221067 0.307870457302
100105 1 0.415065120381 0.424109228033 0.399008154589 0.487803521551 0.349339577352
100106 0 0.443794385484 0.445484824311 0.454943490539 0.486627213811 0.388122013275
100107 0 0.270128409322 0.300961683476 0.304835482675 0.251526466303 0.223190004833
100108 1 0.287772861274 0.356349349716 0.279802146174 0.284303643702 0.230636305505
100109 1 0.477164040867 0.436409311537 0.503946037111 0.468162853207 0.500137961615
100110 1 0.351420480324 0.394465900919 0.382080748202 0.29300323788 0.336132034295
100111 0 0.347157692141 0.267871965836 0.400170826015 0.359041353624 0.36154662309
100112 0 0.448801556966 0.473495811818 0.518487191678 0.477710982122 0.325512242246
100113 1 0.762134858229 0.771874389864 0.834853992974 0.766685113663 0.675125936416
100114 0 0.262798138282 0.231204970983 0.257632098815 0.211275801406 0.351079681922
100115 1 0.207806687076 0.103148921559 0.247685932997 0.241365357762 0.239026535987
100116 1 0.26842414991 0.223534788506 0.253742207405 0.277120753242 0.319298850487
100117 1 0.48051968193 0.5527499544 0.485150667093 0.496530112343 0.387647993884
100118 0 0.22492024855 0.312761085602 0.0482763120273 0.454466353922 0.084177242649
100119 0 0.350531092193 0.33486959986 0.320424696232 0.405218924512 0.341611148166
100120 1 0.837378047108 0.701323501721 0.820661911092 0.852784121609 0.974742654009
100121 0 0.310355238512 0.277347723882 0.361867798613 0.280067296389 0.322138135162
100122 0 0.659610636977 0.725053780744 0.517033714524 0.683573196518 0.712781856122
100123 0 0.342383124635 0.324487792097 0.286570299105 0.348515656191 0.409958751146
100124 1 0.246586797106 0.266735088758 0.263647106965 0.244840292611 0.211124700091
100125 0 0.365995334174 0.394359955818 0.389985335397 0.257050025919 0.422586019563
100126 0 0.461431383152 0.41334306973 0.536513039547 0.417419936029 0.478449487303
100127 1 0.70819619686 0.755931646485 0.781717763409 0.464014891438 0.831120486108
100128 0 0.388200964401 0.424999714494 0.302883533142 0.472215746083 0.352704863884
100129 0 0.414492025995 0.398588496203 0.509581435437 0.39665348766 0.353144684681
100130 1 0.536138557015 0.695857961233 0.570345359852 0.488130349699 0.390220557275
100131 0 0.225480835331 0.23675108412 0.278365492166 0.194448097226 0.192358667812
100132 1 0.457564256731 0.537885423967 0.354528672131 0.489942197216 0.447900733611
100133 0 0.362941429339 0.448936543274 0.388507842654 0.279341952241 0.334979379185
100134 0 0.427548604394 0.443119474213 0.500128687049 0.384794006951 0.382152249364
100135 1 0.266602838019 0.269667135151 0.293135732722 0.165274434698 0.338334049504
100136 0 0.28482187642 0.193878962809 0.345179338183 0.314133812231 0.286095392457
100137 0 0.332574158438 0.294015233081 0.347957502736 0.283639257506 0.404684640429
100138 1 0.669110103912 0.665950438662 0.7599278525 0.650229247763 0.600332876725
100139 0 0.441849155754 0.438948979292 0.337305226202 0.563661550943 0.427480866578
100140 1 0.469383461617 0.512306755584 0.454334278135 0.441834007652 0.469058805097
100141 0 0.403538522064 0.409430152546 0.407770789528 0.385077000429 0.411876145754
100142 0 0.358355583649 0.240625903688 0.498672757576 0.302474373141 0.391649300192
100143 0 0.408055826526 0.498937926115 0.435302620205 0.323462121548 0.374520638234
100144 0 0.308326245762 0.259776957548 0.405115174554 0.322470753711 0.245942097236
100145 0 0.233337109662 0.265449440534 0.209234678248 0.190366395918 0.26829792395
100146 0 0.34071668186 0.285081494172 0.391721882293 0.327464686389 0.358598664585
100147 1 0.436394762828 0.453120339616 0.414500020341 0.489431876434 0.388526814921
100148 1 0.368600459965 0.482500846968 0.290536970673 0.391914622176 0.309449400042
100149 1 0.284771490001 0.256850007779 0.295320912827 0.303332994318 0.28358204508
100150 1 0.364479380251 0.351790356213 0.343001004644 0.392360410936 0.37076574921
100151 0 0.345439661459 0.321519390277 0.316118165437 0.351143272754 0.392977817367
100152 1 0.529346690128 0.557032562421 0.576859490749 0.499799289318 0.483695418025
100153 1 0.556822035504 0.56262564274 0.527967967784 0.596067968168 0.540626563324
100154 0 0.18327034493 0.304310822352 0.0742127071226 0.312761085602 0.0417967646417
100155 0 0.279573915763 0.309799019221 0.236934026899 0.276342202173 0.295220414759
100156 0 0.258848051443 0.167844055716 0.229853148919 0.256748507745 0.380946493394
100157 1 0.576246718133 0.541376927315 0.558132989791 0.632705491335 0.572771464093
100158 0 0.725534688726 0.734414520344 0.645492706901 0.735352753166 0.786878774492
100159 0 0.333765402645 0.347037889955 0.316705371031 0.352744834356 0.318573515239
100160 0 0.53645738828 0.446443915121 0.673054422641 0.600779317618 0.425551897741
100161 0 0.276764981052 0.281579001234 0.306496559056 0.317318401093 0.201665962824
100162 1 0.800679603819 0.86160010211 0.812899227736 0.829833211711 0.698385873719
100163 0 0.40594545539 0.324740241386 0.424262352828 0.442209075845 0.432570151501
100164 1 0.431665881344 0.395526882353 0.498685724471 0.486073935306 0.346376983245
100165 0 0.480155287862 0.577720041794 0.48792764328 0.527641282888 0.327332183486
100166 1 0.781996115992 0.827507294446 0.743931441662 0.861223314781 0.69532241308
100167 0 0.267854190612 0.265277626351 0.258080937127 0.33953445339 0.20852374558
100168 0 0.33541160958 0.346571265512 0.355914653264 0.321214828525 0.317945691018
100169 0 0.525428800787 0.622139317681 0.396785878597 0.504068819939 0.578721186931
100170 1 0.324202452671 0.326706532501 0.266338917388 0.316112974138 0.387651386656
100171 0 0.364729163811 0.33039941702 0.368444962164 0.332066386167 0.428005889893
100172 1 0.301452533814 0.361025799093 0.271402938582 0.256291972195 0.317089425386
100173 0 0.792787507764 0.699976796639 0.904818926432 0.754871764759 0.811482543225
100174 0 0.299457366929 0.247238778004 0.336398553987 0.339993607523 0.274198528204
100175 0 0.323954823131 0.368478751654 0.284437227627 0.39029749078 0.252605822462
100176 1 0.678321873946 0.713650409166 0.571075739723 0.69735849005 0.731202856846
100177 0 0.295348745606 0.343821021003 0.293470167641 0.358839434735 0.185264359044
100178 0 0.338974074577 0.362972454345 0.360025163483 0.257912228359 0.374986452122
100179 0 0.329836708037 0.422982806068 0.253456184482 0.384028262534 0.258879579065
100180 1 0.375013404353 0.307418335002 0.423496017132 0.355996974497 0.413142290782
100181 0 0.268527629197 0.331967925547 0.231130708703 0.313154249388 0.197857633151
100182 0 0.307090295798 0.318311063508 0.272589310187 0.278980990888 0.358479818608
100183 1 0.498273126782 0.406224127149 0.497924210772 0.558478036074 0.530466133133
100184 1 0.598816773082 0.612375382158 0.605263461011 0.59453429195 0.58309395721
100185 0 0.528542632105 0.50518862096 0.614268838652 0.431318525579 0.56339454323
100186 0 0.372436195822 0.369868567368 0.323529123379 0.444644847533 0.351702245008
100187 1 0.415775975704 0.378875065795 0.545172092889 0.380031724965 0.359025019166
100188 0 0.34966835986 0.403647501092 0.411779860687 0.276043790187 0.307202287475
100189 0 0.269188633418 0.305427789559 0.217596251484 0.30583500966 0.247895482969
100190 1 0.473295108404 0.515594182819 0.375209126058 0.50591796592 0.496459158818
100191 0 0.356412794989 0.275291229569 0.387444080984 0.281404500066 0.481511369339
100192 1 0.431770905464 0.460392860859 0.43292200616 0.464926260129 0.368842494706
100193 0 0.286459751658 0.291233160747 0.24827895162 0.330859882485 0.275467011779
100194 0 0.285911916233 0.301999977851 0.172397430811 0.391327337158 0.27792291911
100195 0 0.283112460641 0.255238453162 0.299119253747 0.302566952168 0.275525183489
100196 1 0.306777951308 0.28818420706 0.298262175513 0.266725006882 0.373940415776
100197 0 0.347487135101 0.342878878504 0.40131793627 0.354961494869 0.290790230761
100198 1 0.888660142786 0.843965849276 0.885760633132 0.915308511052 0.909605577684
100199 1 0.416855402577 0.487644019719 0.398944355917 0.393966916657 0.386866318015
100200 1 0.330575131777 0.359524786575 0.301669998805 0.300303078557 0.36080266317
100201 1 0.693352815229 0.646414651546 0.718273135133 0.774229072298 0.634494401939
100202 0 0.316445360933 0.338190046952 0.316741884662 0.225465295509 0.385384216607
100203 1 0.325800063654 0.322444343896 0.276522932425 0.363162831164 0.341070147129
100204 0 0.314354566071 0.339694777824 0.346610154008 0.286891391011 0.284221941441
100205 0 0.288301241566 0.349061367958 0.25113664859 0.251811938433 0.301195011284
100206 0 0.195890835761 0.137377211617 0.211553743977 0.215021664503 0.219610722948
100207 0 0.322347045617 0.271431849582 0.334280610217 0.339336304001 0.344339418669
100208 1 0.343961738 0.358017088867 0.281525350591 0.331557071499 0.404747441044
100209 1 0.504342464016 0.548008481387 0.543436342534 0.463185734749 0.462739297395
100210 0 0.255410173553 0.284356808603 0.288096400029 0.274253388748 0.17493409683
100211 0 0.413090762438 0.489718908049 0.333823635571 0.465697891352 0.363122614781
100212 1 0.589923646277 0.566117232168 0.635833680145 0.601222698652 0.556520974142
100213 0 0.252050133914 0.2242845402 0.312495373704 0.229705375252 0.241715246501
100214 0 0.308635799193 0.272322793662 0.275828438208 0.314357407641 0.372034557259
100215 1 0.903970958436 0.922261926855 0.92983341002 0.896261829911 0.867526666956
100216 0 0.653993377712 0.631595177429 0.638043702106 0.636982578664 0.70935205265
100217 1 0.242286978068 0.246502324644 0.267857309574 0.269111100663 0.185677177392
100218 1 0.785758290242 0.723773190018 0.940123869814 0.895796864395 0.583339236743
100219 1 0.450841664564 0.415994882253 0.492043687895 0.416374834142 0.478953253966
100220 0 0.742561460299 0.78543488533 0.665325028077 0.743154008596 0.776331919192
100221 0 0.279757690498 0.205052798487 0.325593335071 0.282030477232 0.3063541512
100222 1 0.386768331836 0.376066695802 0.350528426353 0.422149260337 0.398328944851
100223 1 0.748351152831 0.952265720514 0.532905614941 0.922677307306 0.585555968562
100224 0 0.249748864193 0.257896808137 0.256188233582 0.24329300277 0.241617412283
100225 0 0.456647641531 0.498174075414 0.462196604106 0.440975715576 0.425244171027
100226 1 0.391079358655 0.399296685289 0.411135700502 0.425543720822 0.328341328009
100227 1 0.349143383037 0.656325494392 0.303963376321 0.298601413798 0.137683247637
100228 1 0.311878724432 0.41135172258 0.49805631315 0.147041227152 0.191065634845
100229 0 0.262344444441 0.262804364274 0.246673466575 0.23089173656 0.309008210355
100230 1 0.335402511556 0.342754875172 0.406239135633 0.324228015763 0.268388019657
100231 1 0.281727518068 0.262071550493 0.287296243836 0.280098794567 0.297443483378
100232 1 0.298756193499 0.363369279097 0.302654008037 0.222792801057 0.306208685806
100233 0 0.391282758656 0.402893495098 0.359722640844 0.41827815411 0.384236744571
100234 0 0.267242360926 0.40391052727 0.132008549431 0.296383155595 0.236667211406
100235 1 0.707882470431 0.718797524788 0.692555499637 0.657488854858 0.762688002441
100236 0 0.324276315204 0.368284826549 0.355661861046 0.254437470514 0.318721102708
100237 0 0.267053578913 0.348331317163 0.213808241722 0.260641538397 0.245433218369
100238 1 0.587962203174 0.681793397278 0.501197170832 0.619812529308 0.549045715277
100239 0 0.300206498811 0.302028778315 0.370243909535 0.253928683354 0.27462462404
100240 1 0.367548762623 0.307210120519 0.401368381127 0.379786722344 0.381829826502
100241 0 0.795081509065 0.775935261264 0.857605302414 0.742874905017 0.803910567567
100242 0 0.287387323273 0.296836832513 0.341777953146 0.23638151328 0.274552994152
100243 1 0.295094172318 0.411640901735 0.197174908692 0.348593619682 0.222967259162
100244 0 0.304963263059 0.220651512548 0.372245605333 0.266042945487 0.360912988867
100245 1 0.473319980277 0.486126953727 0.499674527046 0.445685009725 0.461793430612
100246 0 0.339086582186 0.31960385839 0.301595185669 0.300478589955 0.434668694729
100247 0 0.239571205811 0.286807085584 0.21316008695 0.247467607847 0.210850042865
100248 0 0.278784328244 0.349416464285 0.285298636394 0.179314823109 0.301107389187
100249 1 0.358491948608 0.447913361267 0.345009114614 0.316038477177 0.325006841375
100250 1 0.288779743451 0.245833669462 0.374106070745 0.363388767395 0.1717904662
100251 1 0.62746367294 0.567377460777 0.69984619147 0.690568873242 0.552062166273
100252 0 0.416613893368 0.395787695326 0.394360041365 0.542927024117 0.333380812664
100253 0 0.332097965855 0.329841345637 0.307095917161 0.284552284014 0.406902316607
100254 0 0.416932734738 0.405197966378 0.419294405721 0.404103176339 0.439135390512
100255 0 0.316223726281 0.287320470592 0.36460022783 0.353734044852 0.25924016185
100256 1 0.441444108683 0.441014213364 0.506084057497 0.496057261702 0.322620902167
100257 0 0.737743128797 0.741325714873 0.786485412068 0.768100901259 0.655060486989
100258 1 0.984406087439 0.971512422447 0.993869552532 0.97906749438 0.993174880396
100259 1 0.376558246835 0.429817576341 0.368541578647 0.39664143544 0.311232396913
100260 0 0.377593887907 0.442156769239 0.224923961211 0.488974998261 0.354319822917
100261 0 0.46202903252 0.472941558049 0.385532623454 0.577659053696 0.41198289488
100262 1 0.743076425033 0.727253183604 0.809806391335 0.723421888404 0.711824236789
100263 1 0.382062678246 0.340829882552 0.319512859617 0.36485479713 0.503053173687
100264 1 0.343254230793 0.267766480451 0.436439996499 0.291379287135 0.377431159089
100265 0 0.404478288394 0.429384579443 0.40564329028 0.443525799602 0.339359484253
100266 1 0.801470098596 0.655793054423 0.973618914305 0.633477588161 0.942990837493
100267 0 0.257422235488 0.250411185334 0.250232533319 0.287835238251 0.241209985049
100268 1 0.457322751302 0.452195263724 0.487154914504 0.448038739926 0.441902087054
100269 1 0.388037881032 0.369096393637 0.386575090346 0.436166992622 0.360313047523
100270 0 0.455729068911 0.420365135765 0.417115545396 0.439060057624 0.546375536858
100271 0 0.300332482722 0.393036987859 0.214736916742 0.387778461233 0.205777565055
100272 1 0.427145716623 0.462913557278 0.484449181136 0.377081619973 0.384138508107
100273 1 0.4418965106 0.464827719979 0.446497809682 0.446597788105 0.409662724633
100274 1 0.355370100135 0.404297953702 0.39444266525 0.297808782669 0.324930998919
100275 1 0.328108346854 0.414593587965 0.288716086413 0.386778915817 0.222344797221
100276 1 0.737297788535 0.682893381055 0.774273998289 0.724350244264 0.767673530532
100277 0 0.218412066096 0.307667738116 0.127842209834 0.216642931137 0.221495385297
100278 0 0.223651794867 0.233160177441 0.209091190551 0.229875932491 0.222479878986
100279 1 0.277101293468 0.316475190775 0.169968787218 0.275349580443 0.346611615438
100280 0 0.541198051902 0.629936733527 0.594726846148 0.588620030679 0.351508597253
100281 1 0.313468819042 0.324111477346 0.335411103008 0.250580878495 0.343771817318
100282 0 0.318581408506 0.371850677037 0.374042874916 0.198539868544 0.329892213528
100283 0 0.335152011523 0.368638449743 0.373111668392 0.266898614058 0.3319593139
100284 0 0.420985693775 0.359726710405 0.568353671051 0.252032539912 0.503829853733
100285 0 0.222153756069 0.297303308324 0.210035907794 0.283165574219 0.0981102339387
100286 1 0.294956984816 0.221164960043 0.309343247744 0.397244872849 0.252074858628
100287 1 0.472606625963 0.477038628649 0.561642374117 0.486519872554 0.365225628532
100288 1 0.583733069619 0.50982843984 0.613238350919 0.594167331161 0.617698156557
100289 0 0.362215463115 0.39748902379 0.376376518011 0.312818261914 0.362178048746
100290 1 0.484231607763 0.550598457241 0.416891192237 0.576942209292 0.392494572283
100291 1 0.391267778054 0.456333198924 0.428261015902 0.342618524239 0.33785837315
100292 1 0.324134031926 0.352033845873 0.299955556362 0.359247198208 0.285299527262
100293 1 0.281776275555 0.291953658035 0.299207518469 0.307845285047 0.228098640667
100294 0 0.472065489517 0.399710309613 0.476080743466 0.509817535785 0.502653369203
100295 1 0.641354557109 0.689449292041 0.672070038553 0.692351424396 0.511547473446
100296 1 0.537908736803 0.481835881678 0.512716677833 0.587261025667 0.569821362034
100297 0 0.474424160137 0.485788673544 0.427119981252 0.545005616786 0.439782368966
100298 0 0.349665708273 0.360409953916 0.313235014816 0.44349882516 0.281519039201
100299 0 0.767537593525 0.761130678175 0.738617808129 0.763518358078 0.80688352972
100300 1 0.666462759215 0.823619600698 0.672589999993 0.437099667949 0.732541768218
100301 1 0.776650059279 0.842142009682 0.802125163852 0.838922342837 0.623410720744
100302 0 0.232791506233 0.213299743236 0.300934525617 0.1671146561 0.24981709998
100303 0 0.232548586151 0.230403505671 0.232727448031 0.272376048789 0.194687342111
100304 1 0.370115403535 0.385474208899 0.390087097856 0.486256350025 0.218643957361
100305 0 0.228448378294 0.188597156885 0.232815369752 0.320250148465 0.172130838076
100306 0 0.349606223758 0.32150793131 0.385849091833 0.338908974377 0.35215889751
100307 0 0.252016259252 0.25820060244 0.269825138743 0.187138314122 0.292900981704
100308 0 0.340598665793 0.268961434185 0.390609516654 0.306422849126 0.396400863206
100309 1 0.279359643456 0.242848602736 0.316352718628 0.245445017297 0.312792235162
100310 0 0.263022006387 0.208812932269 0.202745209798 0.386421724363 0.254108159118
100311 1 0.4329879278 0.505286181798 0.28434164115 0.640940929486 0.301382958767
100312 0 0.201369446285 0.211213886123 0.234365379049 0.181835092913 0.178063427055
100313 1 0.696385580872 0.657830380599 0.718603886363 0.760132862361 0.648975194164
100314 1 0.368321557826 0.29975545494 0.470619786834 0.333486421454 0.369424568076
100315 0 0.712564696592 0.753176331156 0.741314059769 0.710514095829 0.645254299612
100316 1 0.331014056509 0.310947110457 0.400418560041 0.309791675389 0.302898880147
100317 1 0.39286042487 0.367996624402 0.380550218609 0.390397970143 0.432496886326
100318 1 0.647964703929 0.614870964062 0.707241400626 0.605723905824 0.664022545203
100319 1 0.475573485484 0.435353060229 0.433390958498 0.377511694578 0.656038228633
100320 0 0.31151762558 0.354172925323 0.199565275401 0.354010599272 0.338321702322
100321 1 0.431729648112 0.337686260787 0.394883177117 0.427328618311 0.567020536232
100322 1 0.276699837215 0.282364925399 0.277548866446 0.234422941589 0.312462615425
100323 0 0.329641735661 0.371121759455 0.289408786988 0.378582765187 0.279453631013
100324 0 0.327942565971 0.301495283352 0.445778215416 0.222344253805 0.342152511312
100325 1 0.513291365328 0.453053860383 0.599113352921 0.502263813321 0.498734434687
100326 1 0.492826869024 0.481933941613 0.536379208688 0.442544405498 0.510449920297
100327 1 0.530813175116 0.462020039255 0.500654795737 0.647363112822 0.513214752649
100328 1 0.73030945796 0.709046063104 0.723483943197 0.837167143567 0.651540681973
100329 0 0.379128143139 0.372360766824 0.39330662838 0.383094460725 0.367750716626
100330 1 0.637847084714 0.677490491923 0.628619731808 0.67671218021 0.568565934914
100331 1 0.381574605605 0.357949766274 0.287338738671 0.465676905353 0.41533301212
100332 1 0.274816388973 0.306271664942 0.263530705317 0.282389689103 0.247073496531
100333 0 0.329682402873 0.365443689522 0.365252003086 0.24664278517 0.341391133712
100334 0 0.377773578936 0.27435692121 0.385304436648 0.459071110758 0.39236184713
100335 0 0.440255049643 0.496459296647 0.528705140078 0.345415450571 0.390440311274
100336 0 0.214467664697 0.212573342679 0.247089378853 0.139165311566 0.259042625689
100337 1 0.448621133178 0.454487107156 0.428951133935 0.434345755336 0.476700536285
100338 0 0.346300477055 0.355996296334 0.393747434827 0.318281243378 0.317176933679
100339 0 0.300666846554 0.27403365953 0.346735264672 0.283001607843 0.29889685417
100340 0 0.47844644487 0.616861217538 0.448785932597 0.447853977321 0.400284652024
100341 1 0.324731901671 0.316678379589 0.410068480145 0.335689449702 0.236491297247
100342 0 0.296244103682 0.350362873784 0.371351724544 0.144639237103 0.318622579299
100343 1 0.33793651028 0.372178391141 0.194215331108 0.426624655195 0.358727663676
100344 0 0.262520212228 0.254139788438 0.295094551505 0.267494179538 0.23335232943
100345 0 0.234244038059 0.26469636127 0.245463365801 0.238896135928 0.187920289236
100346 0 0.359995799685 0.339803300883 0.356456994577 0.397943211911 0.345779691371
100347 0 0.254711154106 0.244624129358 0.289222443866 0.2429706849 0.242027358301
100348 0 0.259937647268 0.276728726965 0.167818587127 0.369954835995 0.225248438985
100349 0 0.369045005423 0.413788048618 0.348096678823 0.454423755071 0.259871539178
100350 0 0.290003588365 0.308635329898 0.262664297164 0.289052890685 0.299661835715
100351 0 0.333081315479 0.264574432722 0.252519773917 0.362263741568 0.452967313708
100352 0 0.358824701717 0.410242252951 0.297793988993 0.374761621743 0.352500943182
100353 0 0.309843064763 0.289568091328 0.268229996855 0.415773536691 0.265800634179
100354 0 0.354292099226 0.38740354811 0.401986006781 0.302437626904 0.325341215108
100355 0 0.260957037382 0.308505276923 0.257532753763 0.255781305066 0.222008813776
100356 0 0.330412398379 0.289621882798 0.365945247454 0.336708319154 0.329374144109
100357 0 0.271217100216 0.244767366353 0.288275343469 0.263121703139 0.288703987902
100358 0 0.311427998883 0.290183689039 0.387715486866 0.325004989836 0.242807829792
100359 0 0.389908817233 0.433216058933 0.254939857928 0.468872991134 0.402606360935
100360 0 0.379711062876 0.451053607973 0.378217011502 0.314700797199 0.374872834828
100361 0 0.393568781323 0.32561379598 0.435748615702 0.432600590408 0.3803121232
100362 0 0.282121498245 0.336591648882 0.272960500709 0.254510933618 0.26442290977
100363 0 0.351047887953 0.419165791508 0.297879463897 0.303299181709 0.383847114698
100364 0 0.305297207422 0.31759142005 0.334999481801 0.340899431449 0.227698496388
100365 0 0.361274355906 0.282955691844 0.321597720449 0.411236589497 0.429307421834
100366 1 0.110171100098 0.135097784721 0.124641046621 0.113261481159 0.0676840878917
100367 0 0.24448930183 0.290301830302 0.126734400663 0.357431992352 0.203488984002
100368 1 0.729222738827 0.652220071381 0.793787993634 0.766890714408 0.703992175886
100369 1 0.620691754814 0.805379483057 0.858347952403 0.128460430976 0.690579152819
100370 1 0.662266552824 0.658505794124 0.578101392535 0.749671284462 0.662787740177
100371 0 0.410202433678 0.469028186964 0.369310875744 0.387940111082 0.41453056092
100372 0 0.334084419956 0.285114632567 0.287074922545 0.30617955455 0.457968570163
100373 0 0.397023854215 0.402553103992 0.282381544815 0.413901388599 0.489259379454
100374 0 0.278592122735 0.294157770532 0.303812375544 0.270683107225 0.24571523764
100375 0 0.27506589145 0.221970941149 0.326196899828 0.293784120273 0.258311604549
100376 0 0.312126717141 0.278053320497 0.359100060342 0.292474302049 0.318879185675
100377 1 0.655399779326 0.712710619506 0.710143392994 0.665821287335 0.53292381747
100378 0 0.276807662297 0.31710963103 0.257622918347 0.311313633851 0.22118446596
100379 0 0.223787022007 0.226076527602 0.245226583331 0.184691726805 0.23915325029
100380 1 0.439680655308 0.48643374285 0.504645891772 0.391410207249 0.376232779359
100381 1 0.99763496082 0.998971977076 0.994802716292 0.998247288633 0.998517861279
100382 1 0.530743014911 0.544737045428 0.496150161201 0.488333606686 0.593751246329
100383 0 0.362345799509 0.44491532259 0.311969748756 0.404666267402 0.287831859287
100384 1 0.278170081154 0.290507006196 0.274506617779 0.260252869344 0.287413831297
100385 0 0.373359229575 0.37581499964 0.383257367628 0.431977775393 0.302386775639
100386 0 0.302486848149 0.344855060892 0.342719453581 0.223636684454 0.298736193668
100387 0 0.434525720078 0.478513955216 0.412667088561 0.423497913999 0.423423922538
100388 1 0.430979656342 0.435832537022 0.400950312397 0.452084893625 0.435050882325
100389 0 0.415941126421 0.45678044391 0.447677650568 0.302739900199 0.456566511008
100390 1 0.389117554871 0.333362537329 0.429045367 0.403404891644 0.390657423512
100391 1 0.26661095559 0.307710448028 0.307477788297 0.315441954556 0.13581363148
100392 0 0.286326472784 0.362007407795 0.273390293683 0.264924917468 0.244983272188
100393 1 0.338495838129 0.294644000562 0.35088264377 0.321433925992 0.38702278219
100394 1 0.40259391754 0.430903318159 0.447721666016 0.408074405749 0.323676280235
100395 1 0.52153248794 0.513047215485 0.548876424652 0.57133338767 0.452872923952
100396 1 0.521475317352 0.625517246481 0.537488129659 0.45492881881 0.467967074457
100397 0 0.389571385233 0.549713073618 0.327235177451 0.268654985566 0.412682304298
100398 0 0.700469518623 0.695961818713 0.812672751484 0.689303305227 0.603940199069
100399 1 0.638018803615 0.459362026278 0.695148299975 0.69590666064 0.701658227567
100400 0 0.36453952807 0.523497037185 0.355973737833 0.264115826288 0.314571510973
100401 1 0.368205483999 0.411002063327 0.328372378033 0.377998278475 0.355449216162
100402 1 0.300004762529 0.41135172258 0.02794091902 0.502531938096 0.258194470418
100403 1 0.632896350803 0.730558054751 0.579719412335 0.698748863183 0.522559072943
100404 1 0.709330462267 0.724581903213 0.663290657368 0.766545589153 0.682903699333
100405 1 0.81418086538 0.806644938936 0.88982048803 0.806682305473 0.753575729081
100406 0 0.275418174636 0.305983754778 0.232891486041 0.351547874901 0.211249582826
100407 1 0.709796333743 0.821004554377 0.633850165494 0.670706847195 0.713623767908
100408 0 0.338704192352 0.325711729314 0.393385391012 0.367584978249 0.268134670833
100409 0 0.222670077762 0.295004665164 0.191614242984 0.249269127409 0.154792275492
100410 0 0.330458099639 0.314690668034 0.352807044448 0.268393515975 0.3859411701
100411 0 0.224521805937 0.195005689383 0.176199266304 0.214273386703 0.312608881359
100412 1 0.362310701515 0.451170696723 0.301636160674 0.285064702428 0.411371246236
100413 1 0.919674013068 0.869553792534 0.939934446879 0.93907573113 0.930132081731
100414 1 0.392950473199 0.21282478338 0.613670299371 0.33815490124 0.407151908805
100415 1 0.452849844592 0.547653869947 0.485621400251 0.441381410603 0.336742697567
100416 0 0.272773655718 0.269286979395 0.211720877236 0.350523754883 0.259563011357
100417 0 0.326568927409 0.33707873538 0.337565834106 0.321805685575 0.309825454574
100418 0 0.31693980697 0.351383702641 0.244806962153 0.427153905488 0.244414657596
100419 0 0.343828463522 0.389034286856 0.281230020634 0.420272737796 0.284776808804
100420 0 0.347975965033 0.415425539949 0.369632204657 0.261362981424 0.3454831341
100421 1 0.38283504892 0.387910639832 0.449585307995 0.392185778625 0.301658469229
100422 1 0.390742747126 0.408875711492 0.356063588848 0.425938065009 0.372093623156
100423 1 0.587581609085 0.493599847761 0.677186199652 0.681173064037 0.49836732489
100424 0 0.483504448864 0.390987151734 0.472205183476 0.477377728206 0.59344773204
100425 0 0.342311374394 0.303232645379 0.308763688228 0.407799981464 0.349449182507
100426 1 0.742199628416 0.726286102487 0.782456293896 0.820430643375 0.639625473904
100427 1 0.554282578041 0.571590821116 0.590838532946 0.6461687306 0.408532227503
100428 0 0.483996921889 0.605982437261 0.554651541259 0.465113638059 0.310240070977
100429 0 0.341721629915 0.310880869825 0.334805714426 0.435651851167 0.28554808424
100430 1 0.764239321053 0.801889210405 0.762133704752 0.708489276825 0.784445092229
100431 1 0.426081655415 0.406001418861 0.387092264045 0.199331739306 0.711901199448
100432 0 0.645430892404 0.560470569862 0.797351231479 0.531056343683 0.692845424592
100433 1 0.606390333907 0.626067369556 0.570149922858 0.609731552673 0.619612490541
100434 1 0.307588014759 0.26181785442 0.270187367542 0.390147000176 0.3081998369
100435 1 0.825461828323 0.674172388406 0.925313344679 0.768398116476 0.933963463733
100436 0 0.202986991176 0.243807110773 0.187797256826 0.226752211822 0.153591385285
100437 0 0.291397499076 0.260335435664 0.271665322891 0.261258309258 0.37233092849
100438 1 0.452158841037 0.403439313515 0.5238755322 0.451981891113 0.429338627321
100439 1 0.757400319237 0.67980600338 0.788325807343 0.771940602944 0.78952886328
100440 0 0.424762303933 0.394251758281 0.461643891159 0.379175658836 0.463977907454
100441 0 0.31832766629 0.290214514 0.322090271984 0.283459049975 0.377546829203
100442 0 0.336656030163 0.354546518277 0.315063241562 0.351595993213 0.325418367601
100443 1 0.275804481161 0.253427594847 0.307072405682 0.271003094079 0.271714830035
100444 1 0.327055341998 0.445481680247 0.322685897597 0.201000078023 0.339053712124
100445 0 0.444806524819 0.518310789833 0.453562345653 0.397431891039 0.409921072749
100446 1 0.416026340441 0.463438623095 0.391571033399 0.374720929865 0.434374775406
100447 0 0.345335931576 0.383768945778 0.302162714556 0.337307274515 0.358104791457
100448 0 0.393516031916 0.333258732564 0.463774959441 0.364705377753 0.412325057906
100449 0 0.335637196131 0.331529432018 0.287029471545 0.371567468438 0.352422412523
100450 1 0.479914465757 0.395935201695 0.563534883242 0.495272634095 0.464915143995
100451 0 0.33339339615 0.41077249612 0.263030992925 0.392287017428 0.267483078127
100452 0 0.317561897292 0.228312720888 0.415046729397 0.305268907579 0.321619231303
100453 1 0.494092183681 0.493072246227 0.565045873059 0.449811826406 0.468438789033
100454 0 0.380194104312 0.364666238946 0.341565561436 0.47541849064 0.339126126224
100455 0 0.33921261024 0.32275936335 0.331908817378 0.370519446414 0.33166281382
100456 1 0.480423653045 0.490371051354 0.483709920777 0.498466534662 0.449147105388
100457 0 0.445829030273 0.418444558125 0.443620127125 0.42779570555 0.493455730294
100458 0 0.321917578945 0.372696722024 0.309281342922 0.324456321396 0.281235929439
100459 0 0.322395712794 0.266819847364 0.33026533981 0.367680490545 0.324817173456
100460 0 0.40543644073 0.446908569969 0.365460924878 0.440058933079 0.369317334994
100461 0 0.326733729737 0.317328678512 0.402601973273 0.291885541486 0.295118725679
100462 0 0.353178703461 0.328941769859 0.442502713465 0.279393307402 0.361877023119
100463 0 0.287407753395 0.278512501726 0.297942302192 0.282714632806 0.290461576855
100464 0 0.40846338823 0.34221853671 0.468637470291 0.456073780072 0.366923765846
100465 0 0.292381806699 0.301466834822 0.242728646208 0.322371381549 0.302960364218
100466 0 0.269521447775 0.252395990992 0.215608218812 0.291051583992 0.319029997304
100467 1 0.325998408485 0.431613090784 0.31159026268 0.261898366561 0.298891913914
100468 0 0.344464068613 0.295761652492 0.332227274467 0.335709379774 0.414157967719
100469 1 0.342685592177 0.316299069493 0.447469982382 0.270153063366 0.336820253469
100470 1 0.383510822936 0.35525318899 0.394923391413 0.407460038267 0.376406673073
100471 0 0.266576400609 0.305945650741 0.228531109014 0.360285717633 0.17154312505
100472 0 0.374016678432 0.393979763463 0.349564676264 0.392497906868 0.360024367133
100473 0 0.230264263842 0.265202603554 0.200363861895 0.307790206863 0.147700383055
100474 0 0.230672345551 0.242597832293 0.200732858153 0.175881886701 0.303476805057
100475 0 0.281266371766 0.318803324256 0.249049661207 0.189671942848 0.367540558753
100476 0 0.274612440447 0.263642249284 0.213374790015 0.371351424337 0.250081298151
100477 0 0.266898879543 0.252823548678 0.193735877675 0.303933013927 0.317103077891
100478 0 0.266914708235 0.260816770986 0.343014556226 0.227795043533 0.236032462196
100479 0 0.758298283551 0.80263630345 0.783644339174 0.729719552494 0.717192939087
100480 1 0.731548192751 0.785265403794 0.686506387737 0.780895442754 0.673525536721
100481 0 0.232952448139 0.181766839172 0.252817914787 0.259924627697 0.2373004109
100482 1 0.357784862645 0.441222842966 0.33133511171 0.318718920205 0.3398625757
100483 1 0.756754381899 0.788815858843 0.813610188225 0.778587225327 0.6460042552
100484 1 0.45294309327 0.507518853207 0.457848344305 0.485244937725 0.361160237843
100485 0 0.347197517712 0.261092709294 0.355627367154 0.350971316918 0.421098677482
100486 0 0.235131208081 0.189500082029 0.2698504675 0.218894992701 0.262279290093
100487 0 0.769097688377 0.728602359935 0.798737446086 0.824928474323 0.724122473164
100488 0 0.482695020656 0.514036724002 0.425371232937 0.537948613992 0.453423511692
100489 0 0.373110618697 0.402828335548 0.397224964741 0.430927295671 0.261461878828
100490 1 0.507772496241 0.495774146266 0.575804099006 0.40094896951 0.558562770181
100491 1 0.30668581032 0.261382284074 0.30422338373 0.253224404242 0.407913169234
100492 0 0.335085019846 0.310849802553 0.367564940793 0.286095407677 0.375829928363
100493 0 0.299313096585 0.302232062204 0.288440509932 0.300055082856 0.306524731347
100494 0 0.351715863553 0.344644841513 0.416216479912 0.335085131937 0.310917000851
100495 1 0.513125664918 0.221748882502 0.615736999938 0.302730368201 0.912286409031
100496 1 0.411443591729 0.37500242263 0.411819607776 0.403150825767 0.455801510741
100497 0 0.361008155144 0.320931654362 0.386494930912 0.308477993192 0.428128042111
100498 1 0.80497169461 0.775830365195 0.863919356305 0.805635064147 0.774501992794
100499 0 0.233488733008 0.231058782991 0.216200360628 0.245375906167 0.241319882246
100500 0 0.255725113858 0.216818796837 0.356216394459 0.1954866856 0.254378578536
100501 0 0.240371911002 0.167037368957 0.322946747798 0.182191164699 0.289312362554
100502 1 0.722444647764 0.730981036164 0.674247872645 0.710929730004 0.773619952242
100503 1 0.650572976813 0.642231599724 0.801477245393 0.360700214231 0.797882847905
100504 0 0.458436541677 0.457023656497 0.451843642357 0.493032355905 0.431846511948
100505 1 0.447619242262 0.452452439536 0.418120067354 0.463704692274 0.456199769886
100506 0 0.332311817746 0.295104890173 0.35244948214 0.337496809232 0.34419608944
100507 0 0.330546368678 0.362167020088 0.290737228295 0.381821701915 0.287459524414
100508 0 0.355777220882 0.2808648522 0.405215526421 0.486141823049 0.25088668186
100509 0 0.293075833022 0.258208760075 0.363174274497 0.210156043955 0.340764253563
100510 1 0.390258866514 0.392405037857 0.347471978813 0.396784241973 0.424374207412
100511 0 0.358002826291 0.451130489116 0.358861402151 0.370165799628 0.251853614269
100512 0 0.315672357255 0.295297863543 0.327580939677 0.324412708424 0.315397917375
100513 1 0.372006207374 0.410193773104 0.25400116907 0.630946628308 0.192883259013
100514 1 0.430795782787 0.50777101674 0.424782604335 0.341156261602 0.449473248471
100515 0 0.37240587406 0.336829694025 0.450282211945 0.405631497997 0.296880092273
100516 1 0.463986681149 0.495941970314 0.390646031626 0.488417459748 0.480941262907
100517 0 0.387560319878 0.418328986694 0.375916937612 0.330975972623 0.425019382582
100518 0 0.394685445489 0.469342294494 0.362132084116 0.38974246171 0.357524941635
100519 0 0.429406979217 0.36426260985 0.493610966773 0.317259367771 0.542494972474
100520 1 0.41955700167 0.49161968483 0.393952091121 0.360832483464 0.431823747265
100521 1 0.683063268743 0.660690512656 0.773659737174 0.668905146664 0.628997678476
100522 0 0.373688371146 0.29727690874 0.409168669997 0.416958786245 0.3713491196
100523 1 0.933760402589 0.891523460163 0.966123338374 0.968922859525 0.908471952295
100524 0 0.376694795008 0.407824552658 0.317772605564 0.409251984605 0.371930037205
100525 1 0.372959261993 0.400991123478 0.317650671757 0.469451917941 0.303743334795
100526 0 0.298902518082 0.288807647986 0.360898501453 0.297843663864 0.248060259023
100527 1 0.388481482126 0.419014724143 0.332588831115 0.411947283679 0.390375089568
100528 0 0.789573029662 0.736422455535 0.892763484534 0.833692231064 0.695413947516
100529 1 0.498875901339 0.456910192993 0.556209966787 0.560296984875 0.422086460703
100530 0 0.249812039559 0.213562734466 0.265832323903 0.200928413956 0.318924685912
100531 1 0.419693773801 0.443425559583 0.387304462252 0.439349845326 0.408695228043
100532 1 0.343170854457 0.271752865975 0.50405988142 0.30235174826 0.294518922173
100533 1 0.312227282083 0.302612517295 0.36202961507 0.272338746597 0.311928249371
100534 1 0.27690194347 0.244909116406 0.364933385367 0.203242571841 0.294522700266
100535 0 0.352577670608 0.380988521983 0.278417729853 0.351717188078 0.399187242518
100536 0 0.363449598613 0.318029270272 0.368618574224 0.333006468843 0.434144081114
100537 1 0.318331256432 0.599498999462 0.138176865627 0.410193773104 0.125455387534
100538 0 0.413054452613 0.402566124454 0.375731470891 0.483378822426 0.39054139268
100539 0 0.280464814574 0.228809759969 0.340956779998 0.259962494733 0.292130223595
100540 1 0.546741820279 0.59492689532 0.498737546505 0.529020293787 0.564282545502
100541 0 0.328319412124 0.306959450321 0.336971975418 0.310042070317 0.359304152438
100542 0 0.338502110852 0.309433059042 0.285575213083 0.36370623713 0.395293934153
100543 0 0.369086763943 0.429178638449 0.405278566375 0.303156233457 0.338733617493
100544 0 0.333489213525 0.310632898328 0.440171261338 0.328989073439 0.254163620995
100545 1 0.278345244836 0.359714626091 0.243149851547 0.240622395518 0.269894106189
100546 1 0.491852626699 0.493868760961 0.575563278564 0.485062622468 0.412915844802
100547 1 0.375149482116 0.387765900252 0.36265300202 0.346285320289 0.403893705902
100548 1 0.343528462245 0.28381788132 0.352597817 0.314791045761 0.422907104899
100549 1 0.489605756995 0.492621950304 0.554590752011 0.409411419072 0.501798906593
100550 1 0.326595483032 0.37173535338 0.329977073722 0.339557692154 0.265111812873
100551 0 0.338661841354 0.317055322436 0.397381975614 0.320809356765 0.319400710602
100552 0 0.500113541678 0.504961867364 0.497103124313 0.481797573677 0.516591601358
100553 1 0.90834667563 0.896116754974 0.939524916742 0.926577097764 0.871167933042
100554 0 0.285779071738 0.280740528438 0.227372249674 0.34956339141 0.28544011743
100555 0 0.272909305481 0.32223336971 0.253257277199 0.282078642792 0.234067932224
100556 0 0.158804774954 0.154355917781 0.163436788917 0.169480727177 0.147945665942
100557 1 0.380998725738 0.442559840934 0.318304773479 0.430304707513 0.332825581026
100558 0 0.197097407441 0.168884165107 0.163641848394 0.296424214336 0.159439401928
100559 0 0.22604339736 0.235968045407 0.311452345353 0.131272790084 0.225480408597
100560 0 0.242170272414 0.223964765477 0.267674371638 0.226213512261 0.250828440281
100561 0 0.3264974742 0.316135040496 0.355246083233 0.321335535826 0.313273237247
100562 0 0.341053507002 0.354471495523 0.319070065513 0.343117368331 0.347555098639
100563 1 0.723221909857 0.682942079384 0.71047220471 0.697548521546 0.80192483379
100564 0 0.252084732484 0.294969601078 0.277870298474 0.182237673391 0.253261356993
100565 0 0.303616767743 0.41135172258 0.131714277546 0.418303337288 0.253097733558
100566 1 0.34553046237 0.309990481035 0.383032401221 0.283606638017 0.405492329205
100567 0 0.302998318947 0.338827597546 0.285640857303 0.399911034629 0.18761378631
100568 0 0.231657587973 0.226927237077 0.249246227986 0.233162888822 0.217293998006
100569 0 0.463601667806 0.464542127824 0.507828862932 0.512370628317 0.369665052152
100570 1 0.368590507734 0.466831117661 0.302980505248 0.332023445278 0.372526962751
100571 0 0.357730422031 0.384484935988 0.303482474597 0.413017266896 0.329937010645
100572 1 0.355464018219 0.27589142231 0.42442613783 0.376108898738 0.345429613996
100573 1 0.478408832684 0.513467481068 0.533060264928 0.516755887813 0.350351696927
100574 1 0.306019090755 0.314502605068 0.320103808852 0.269829032615 0.319640916486
100575 0 0.261513841373 0.330768898589 0.219521788508 0.252089084418 0.243675593976
100576 1 0.80089908838 0.763684114292 0.83970473835 0.78783868487 0.812368816008
100577 0 0.383265005263 0.400324761004 0.409113308259 0.394650019453 0.328971932334
100578 1 0.695757692425 0.668351306311 0.755726931454 0.705207959564 0.653744572371
100579 0 0.394367362026 0.413600284183 0.359358330339 0.440833767802 0.36367706578
100580 1 0.286952642828 0.369721636192 0.211959906573 0.210087239782 0.356041788766
100581 0 0.306340415607 0.314836246808 0.271416454049 0.327508770568 0.311600191003
100582 0 0.342417166744 0.260522961129 0.382309310949 0.388238011895 0.338598383005
100583 1 0.452753410052 0.557635293927 0.404908183615 0.463534552571 0.384935610093
100584 1 0.322338819577 0.32004167144 0.301394480298 0.388876449502 0.279042677067
100585 0 0.378463667254 0.328153965916 0.407844670201 0.366997701595 0.410858331305
100586 0 0.285391404804 0.230325727033 0.290962082665 0.373746019389 0.246531790127
100587 0 0.340360718018 0.334356190854 0.363135548629 0.348027084186 0.315924048404
100588 0 0.386074520313 0.385888167308 0.379225705702 0.391718754396 0.387465453844
100589 1 0.276103429295 0.252371725126 0.322069980848 0.275216113065 0.25475589814
100590 1 0.546286479069 0.563739333288 0.452661718713 0.603975182491 0.564769681784
100591 0 0.162705906026 0.0795800735818 0.16502995312 0.175763701651 0.23044989575
100592 1 0.465671654928 0.479862855756 0.467845597132 0.549073959934 0.365904206888
100593 0 0.441021099077 0.502976972772 0.430266459402 0.425216315417 0.405624648716
100594 0 0.57524076856 0.570281484407 0.488335362063 0.638878810578 0.60346741719
100595 1 0.493773962475 0.4736088129 0.556964675439 0.50668666257 0.43783569899
100596 1 0.262314171325 0.2250788681 0.300299809266 0.196509166937 0.327368840995
100597 0 0.360139966011 0.121508565251 0.545582103387 0.275215315899 0.498253879507
100598 0 0.361923888564 0.461329455876 0.220883859383 0.47929072331 0.286191515686
100599 0 0.408918376982 0.341589887142 0.437099667949 0.410721656973 0.446262295864
100600 1 0.362369448884 0.360270320985 0.320174994417 0.458519025315 0.31051345482
100601 0 0.159612192569 0.156049264943 0.186289856516 0.170994232634 0.125115416184
100602 1 0.256205292187 0.250177849993 0.225916967083 0.260566452773 0.288159898899
100603 0 0.425560806633 0.494660699481 0.37899424909 0.35039021082 0.478198067143
100604 1 0.41046785685 0.401484487155 0.470147547151 0.355346369765 0.414893023331
100605 0 0.335348409091 0.325963545556 0.356667648572 0.322887820059 0.335874622176
100606 0 0.312259264932 0.274934878404 0.236633131196 0.346506288149 0.390962761977
100607 1 0.345171128118 0.306490489948 0.324707125951 0.296525048982 0.452961847591
100608 0 0.218559761782 0.41135172258 0.021000702221 0.23580042551 0.206086196817
100609 0 0.364938850649 0.392618901005 0.354735875962 0.372260095374 0.340140530255
100610 1 0.590694445984 0.588657885794 0.587602546802 0.618544360983 0.567972990356
100611 0 0.27552195122 0.248340585266 0.28905343042 0.2795398501 0.285153939095
100612 1 0.897512390006 0.908756256668 0.92485256314 0.866764375568 0.88967636465
100613 1 0.316705641166 0.37369383986 0.396015930767 0.233981873702 0.263130920334
100614 0 0.32831672109 0.294585723316 0.361379542972 0.361345474546 0.295956143524
100615 0 0.276971006247 0.31082979111 0.283025439592 0.172773482677 0.341255311609
100616 0 0.362531896041 0.350134080171 0.439269158103 0.307311259727 0.353413086162
100617 1 0.754013778068 0.731775202842 0.74493570248 0.77283163463 0.766512572319
100618 1 0.478030577182 0.560245197793 0.395712109746 0.457172899438 0.498992101751
100619 1 0.391272196442 0.383267327089 0.332246039826 0.494336990143 0.355238428709
100620 1 0.366929364603 0.325331943577 0.39894001371 0.36105540618 0.382390094944
100621 0 0.291271322241 0.356928081241 0.251985430596 0.346204052725 0.209967724401
100622 0 0.333148163784 0.307388059849 0.263235415242 0.414974862808 0.346994317239
100623 1 0.365783125346 0.343577654651 0.387255040372 0.336211149984 0.396088656379
100624 0 0.337174748313 0.400812660815 0.317413226929 0.313959195573 0.316513909933
100625 0 0.303536671427 0.350686715888 0.294832213814 0.315266926979 0.253360829026
100626 1 0.290151536909 0.275577513956 0.305886910477 0.285537295824 0.293604427377
100627 0 0.321397842914 0.499716505133 0.260959158717 0.294003377172 0.230912330632
100628 0 0.414826190683 0.355228172997 0.377888932306 0.444183749419 0.482003908011
100629 0 0.283906014961 0.265235712251 0.271519588837 0.347732508647 0.251136250109
100630 0 0.276092693594 0.288086228829 0.268559741281 0.29520880054 0.252516003727
100631 1 0.357552301482 0.334696946082 0.36281967836 0.376904741181 0.355787840304
100632 0 0.329566107096 0.316881274843 0.409229638796 0.311626477433 0.280527037311
100633 1 0.820347259579 0.873361861692 0.827360460847 0.846745462024 0.733921253754
100634 1 0.418827657177 0.376841087692 0.444210832865 0.55711254961 0.297146158543
100635 0 0.24130773647 0.261535504635 0.216522216345 0.288552262232 0.198620962668
100636 1 0.558102104371 0.60744711886 0.589809267848 0.532837678928 0.502314351847
100637 1 0.342421596575 0.435627476807 0.401191106774 0.216136960851 0.316730841868
100638 0 0.311501710811 0.189997804764 0.36032046516 0.346516268184 0.349172305134
100639 0 0.33810298009 0.470528411022 0.353011435315 0.231999681817 0.296872392205
100640 0 0.540537442852 0.351527289069 0.884796559774 0.611687948147 0.314137974416
100641 1 0.421693299225 0.29761037303 0.517180306927 0.367090504458 0.504892012486
100642 1 0.566259444056 0.559884112513 0.635282968938 0.456513013638 0.613357681134
100643 0 0.452804639811 0.435852442343 0.432625239756 0.528358900443 0.414381976702
100644 1 0.388867371499 0.293575879406 0.437752319935 0.443244946075 0.380896340581
100645 0 0.505773280395 0.557126201883 0.535972135044 0.441202095098 0.488792689557
100646 0 0.341873060027 0.339281028816 0.314755216072 0.350354071182 0.363101924037
100647 0 0.417140785771 0.449727088564 0.377237499279 0.43075952467 0.41083903057
100648 0 0.506788262524 0.53169335339 0.542495671181 0.450615954982 0.502348070543
100649 0 0.333627278586 0.266079789459 0.333502587081 0.335905310261 0.399021427541
100650 1 0.568083658895 0.598489118554 0.580900200489 0.579726005224 0.513219311315
100651 0 0.378077486005 0.29936001717 0.411280113971 0.310410853923 0.491258958957
100652 0 0.31319905901 0.366831518486 0.262796748198 0.32564238746 0.297525581896
100653 1 0.489381969653 0.569131121402 0.516893298783 0.425853480628 0.4456499778
100654 0 0.353803714431 0.431093450365 0.330500510821 0.38530517161 0.268315724928
100655 0 0.423502696308 0.597563356978 0.310463006899 0.437099667949 0.348884753406
100656 1 0.299812439913 0.370089472161 0.259553982395 0.319380477407 0.250225827687
100657 0 0.426768600179 0.392201887911 0.608453700767 0.298853400223 0.407565411814
100658 0 0.456556437176 0.571204493847 0.429350015483 0.425831328848 0.399839910526
100659 1 0.567010794876 0.657826788665 0.422541699966 0.629256549186 0.558418141688
100660 0 0.32762308766 0.393347032591 0.226731114361 0.40521508214 0.285199121549
100661 1 0.50329657688 0.539003349761 0.534458272228 0.509691314733 0.430033370799
100662 0 0.339607184801 0.31175987674 0.418939887298 0.35081363026 0.276915344906
100663 1 0.363517492618 0.359993735512 0.353773102374 0.321136359339 0.419166773246
100664 0 0.327303177203 0.425870134968 0.384314534043 0.216202243069 0.28282579673
100665 1 0.328993112516 0.271882630605 0.322382895198 0.203303568397 0.518403355866
100666 1 0.478190800831 0.40727884153 0.425254236741 0.537717413889 0.542512711162
100667 0 0.287931101662 0.299992060253 0.245981810568 0.326345582784 0.279404953044
100668 1 0.361146360598 0.489109955335 0.344133638177 0.289859834894 0.321482013987
100669 0 0.539766618746 0.643539437561 0.511427206437 0.478955896892 0.525143934093
100670 1 0.397036926736 0.33690067171 0.530687904727 0.31865866326 0.401900467247
100671 1 0.282276724658 0.297303172045 0.282110264966 0.303042436125 0.246651025495
100672 1 0.401283839282 0.480677342268 0.351072702728 0.363727810224 0.409657501908
100673 0 0.477091962151 0.534821347352 0.460142999905 0.459251024533 0.454152476813
100674 1 0.557262065784 0.546198332098 0.509810648859 0.553166157066 0.619873125111
100675 1 0.294916995981 0.307105358303 0.305552800233 0.314369633276 0.252640192113
100676 0 0.260266391658 0.268432092174 0.226206121312 0.206400104256 0.340027248891
100677 0 0.219663106055 0.41135172258 0.0268922968192 0.271832979106 0.168575425716
100678 1 0.283454098048 0.18756860844 0.356069449012 0.306732794044 0.283445540695
100679 1 0.271768085524 0.341440131572 0.29802333404 0.220593565707 0.227015310777
100680 0 0.330910181979 0.37774859311 0.346453558009 0.26026945627 0.339169120526
100681 1 0.346344807816 0.388971338211 0.30197782426 0.341134260048 0.353295808747
100682 0 0.381687210156 0.361387518741 0.357881568919 0.437957374889 0.369522378075
100683 0 0.357293485224 0.458717580356 0.39671071999 0.0422235242207 0.53152211633
100684 1 0.42402563506 0.459166597929 0.374760902874 0.396916486837 0.465258552598
100685 0 0.194688013712 0.198203533161 0.158001634779 0.208920523966 0.213626362943
100686 0 0.245326384343 0.147598130236 0.239624195192 0.297911010467 0.296172201478
100687 1 0.374296733303 0.494185120492 0.312603307027 0.281443626306 0.408954879386
100688 1 0.424150073931 0.460605788889 0.384753748003 0.386645201165 0.464595557669
100689 0 0.343571540029 0.308347662987 0.294029705613 0.423213881161 0.348694910355
100690 1 0.545382255682 0.495316462341 0.608275802648 0.548225484942 0.529711272795
100691 0 0.457023530156 0.483052448951 0.483862731001 0.378202688298 0.482976252374
100692 0 0.199875507395 0.13735504673 0.236372876324 0.227627774487 0.19814633204
100693 0 0.232676312839 0.251843274146 0.0459078264216 0.275215315899 0.357738834891
100694 1 0.40142587833 0.327754660205 0.411141024251 0.43068315243 0.436124676434
100695 0 0.304121106514 0.233304190056 0.340918663163 0.273677105795 0.368584467041
100696 1 0.346752425906 0.274618567999 0.373675988916 0.41218823484 0.32652691187
100697 1 0.426418671225 0.417564847733 0.469789931526 0.397654744755 0.420665160887
100698 1 0.267127640972 0.292111692611 0.26294943159 0.285343379463 0.228106060224
100699 1 0.37432816577 0.394271848914 0.342014784134 0.419567009823 0.341459020207
100700 0 0.298400621932 0.259314582103 0.299384160712 0.394679506917 0.240224237998
100701 1 0.463712023338 0.413664584494 0.507325488186 0.430617656892 0.503240363781
100702 0 0.367876499212 0.318888777261 0.421573232489 0.311246341919 0.419797645179
100703 1 0.349438030274 0.347285171644 0.236554025346 0.419240211095 0.394672713013
100704 1 0.366576550725 0.409075868436 0.340593752407 0.378074508533 0.338562073522
100705 0 0.332921557467 0.425061248398 0.355932464835 0.27409270665 0.276599809986
100706 0 0.344885530682 0.361215310743 0.339107781277 0.335289372461 0.343929658246
100707 1 0.309074238464 0.436748828373 0.313119697829 0.284178877833 0.202249549821
100708 1 0.559775590968 0.540188051955 0.571660988928 0.555180250243 0.572073072746
100709 0 0.402513804033 0.470516841769 0.452105459125 0.435890630667 0.251542284571
100710 0 0.261162362129 0.259216203774 0.223408433989 0.302775402562 0.259249408192
100711 1 0.416255683819 0.424607161984 0.42744403958 0.399091934652 0.413879599058
100712 1 0.54452862737 0.527605022856 0.629769912499 0.600227548274 0.420512025849
100713 1 0.484464856078 0.465539825446 0.406830844556 0.530442280105 0.535046474203
100714 1 0.417554539828 0.430810095878 0.366537132876 0.357199465378 0.51567146518
100715 0 0.185608836108 0.147931445899 0.183545017331 0.206619951467 0.204338929733
100716 1 0.380326604279 0.449965648326 0.253406891815 0.355098437656 0.462835439319
100717 0 0.292830099091 0.290705653134 0.278094566034 0.311756059858 0.290764117338
100718 0 0.312953150662 0.287621258167 0.313407084514 0.352231632004 0.298552627961
100719 0 0.350370030634 0.427893073208 0.395753331172 0.290565818961 0.287267899196
100720 0 0.302260783144 0.283983313385 0.339272507752 0.323643407962 0.262143903478
100721 0 0.252599919628 0.356556886925 0.266621224933 0.172221647159 0.214999919495
100722 1 0.742046925257 0.726524415441 0.776571506021 0.727213267732 0.737878511833
100723 0 0.208090149482 0.235028048747 0.223625894392 0.167072206506 0.206634448283
100724 0 0.418473767067 0.514322740477 0.444813032532 0.393023748155 0.321735547103
100725 0 0.294597455906 0.258042088255 0.219158604534 0.290270707201 0.410918423635
100726 1 0.584057030554 0.618401394077 0.651353034105 0.567987791059 0.498485902977
100727 0 0.417665141484 0.404271536644 0.453831923017 0.38369053916 0.428866567115
100728 1 0.741660102996 0.688293563719 0.71251828737 0.772951382954 0.792877177942
100729 0 0.323946237231 0.335896632637 0.340708743998 0.295602867735 0.323576704552
100730 0 0.287058616004 0.287749113827 0.29475608681 0.297356358146 0.268372905233
100731 1 0.805556524989 0.82153022657 0.82164776215 0.858576393376 0.72047171786
100732 0 0.428990873759 0.422119215106 0.451165972761 0.459099715866 0.383578591302
100733 1 0.737270375903 0.75796467621 0.662128728742 0.845612318382 0.683375780278
100734 1 0.288385238932 0.216057600294 0.417323331901 0.250229099049 0.269930924482
100735 0 0.588532091875 0.567964163083 0.715657844423 0.513133285595 0.557373074398
100736 1 0.452537718194 0.364609133345 0.394154595903 0.48657481991 0.564812323616
100737 0 0.301222271716 0.301391934894 0.35954436847 0.20059266111 0.343360122389
100738 1 0.359496352407 0.422547165604 0.315471215836 0.399823995674 0.300143032515
100739 0 0.305794966847 0.316064182797 0.244035145752 0.321974063288 0.341106475552
100740 1 0.590107457963 0.510500321516 0.719066846764 0.605825615503 0.525037048071
100741 0 0.244410197333 0.290616525344 0.207864426672 0.266733048787 0.212426788529
100742 1 0.409933982027 0.503202223534 0.404722107294 0.344340365073 0.387471232206
100743 1 0.244880602718 0.22502624377 0.259019922417 0.24159732483 0.253878919856
100744 1 0.373499601267 0.445277472752 0.356257511053 0.320401183822 0.37206223744
100745 0 0.36566524673 0.415584027034 0.359364892284 0.391181688472 0.296530379129
100746 1 0.379444252222 0.30098086263 0.418053409341 0.438754144891 0.359988592027
100747 1 0.318787589979 0.397095512185 0.356722110888 0.175361012745 0.345971724099
100748 0 0.275731529754 0.263996664683 0.272212730901 0.338218652289 0.228498071141
100749 0 0.279216503684 0.309639622148 0.262648952755 0.299886012181 0.244691427651
100750 0 0.371591887078 0.36583922147 0.450841016935 0.309510473123 0.360176836783
100751 1 0.406632723591 0.391238239286 0.379957059547 0.38781733258 0.467518262949
100752 0 0.349386124375 0.251084607928 0.462054626571 0.32736572248 0.357039540523
100753 1 0.415170111904 0.459704092204 0.408620628031 0.429346804028 0.363008923351
100754 1 0.314443702334 0.38335019403 0.268444523405 0.38789559106 0.21808450084
100755 0 0.560487376016 0.466190803333 0.647294600117 0.6007842123 0.527679888313
100756 1 0.248982856317 0.283192548861 0.287531049849 0.232832412238 0.192375414318
100757 0 0.188267591698 0.170446877691 0.122729431171 0.287035307281 0.172858750651
100758 0 0.263422285345 0.321967848868 0.207041269949 0.320274840561 0.204405182003
100759 1 0.591632897062 0.612991871625 0.555802805378 0.648921051257 0.548815859987
100760 0 0.237543677179 0.22708517963 0.238705706387 0.242286821138 0.24209700156
100761 0 0.318729860372 0.300565478761 0.341580871076 0.365629693621 0.267143398029
100762 1 0.487506744364 0.553429489669 0.59053579944 0.426854176504 0.379207511842
100763 1 0.393506267777 0.395650197244 0.428573866128 0.359782270181 0.390018737557
100764 1 0.292988651407 0.325731570005 0.256384789784 0.312206422195 0.277631823645
100765 0 0.618652597364 0.629160111822 0.61334867984 0.558543843135 0.67355775466
100766 1 0.833445447978 0.875058349125 0.99166940812 0.907977271912 0.559076762755
100767 0 0.707593390194 0.819066608546 0.64692518486 0.736697521773 0.627684245595
100768 0 0.278370069114 0.358060412688 0.265448328236 0.219929016751 0.27004251878
100769 0 0.311073905508 0.247922925318 0.326986147319 0.271236784862 0.398149764534
100770 0 0.303240742721 0.323312504142 0.266641509497 0.312607984258 0.310400972985
100771 0 0.217801865819 0.211665088909 0.240913057471 0.165782173676 0.252847143218
100772 0 0.331621433128 0.271165215785 0.282118959015 0.413051914734 0.360149642978
100773 0 0.553663429042 0.549848161312 0.719738197821 0.461361533298 0.483705823736
100774 0 0.332624098995 0.325117086003 0.33754979073 0.326000403789 0.341829115457
100775 0 0.360579920054 0.272068072988 0.448396036364 0.359174190786 0.36268138008
100776 0 0.279527080959 0.250779809217 0.236452961534 0.256331234393 0.374544318691
100777 0 0.296651024358 0.248246081758 0.328223243534 0.300128784097 0.310005988041
100778 1 0.529075685884 0.490288558429 0.637434819647 0.573201868834 0.415377496625
100779 1 0.348890805595 0.313577817255 0.412974428947 0.32440007222 0.344610903957
100780 0 0.403283682757 0.380474840241 0.48473520176 0.323813913083 0.424110775945
100781 0 0.266220808069 0.232664324349 0.229006183347 0.294631947604 0.308580776977
100782 0 0.401282394184 0.498546030376 0.405157143458 0.243551963047 0.457874439856
100783 1 0.309867774697 0.373496406287 0.238915442215 0.343933884886 0.2831253654
100784 0 0.331267739857 0.420068832238 0.285331135142 0.327925269905 0.291745722143
100785 0 0.263983605455 0.152886596184 0.437099667949 0.118009988814 0.347938168873
100786 0 0.346317517105 0.397770795195 0.308021475498 0.26034862624 0.419129171488
100787 0 0.309834156295 0.309806099699 0.298418080398 0.28282848637 0.348283958711
100788 0 0.259216684669 0.287706330262 0.239722600213 0.27891896504 0.230518843159
100789 0 0.278444429537 0.243073190571 0.235399021784 0.331273541884 0.30403196391
100790 0 0.343868522031 0.385804345086 0.350980764473 0.300159598931 0.338529379633
100791 1 0.333732083199 0.362708090789 0.383158786071 0.316316644412 0.272744811525
100792 0 0.373987526556 0.307807370146 0.371267593624 0.483098668332 0.333776474121
100793 0 0.290228298439 0.379014980204 0.285680541158 0.22839980248 0.267817869914
100794 0 0.433221573319 0.429497258859 0.403330352172 0.515142779692 0.384915902555
100795 0 0.327529014998 0.395021080341 0.214515296359 0.357567777391 0.343011905901
100796 1 0.497183973431 0.512224506873 0.531703534217 0.419205248752 0.525602603881
100797 0 0.365826753926 0.257287211461 0.548216154868 0.275164188299 0.382639461076
100798 0 0.380702488988 0.444084864642 0.379218959105 0.263352652182 0.436153480023
100799 0 0.366916129092 0.377371892596 0.318411866475 0.30111175503 0.470769002266
100800 1 0.339715054701 0.362363263704 0.499809337516 0.116554209009 0.380133408574
100801 1 0.276079322569 0.32592237084 0.225704439127 0.245604825944 0.307085654364
100802 0 0.411842384336 0.518339976874 0.382338486802 0.415523512874 0.331167560795
100803 0 0.331939870842 0.29524121664 0.377986046976 0.303441264935 0.351090954819
100804 0 0.463739005603 0.426685976057 0.488662471077 0.440010492723 0.499597082553
100805 0 0.263130205738 0.264250397044 0.27496364653 0.276987830114 0.236318949262
100806 0 0.296687260993 0.227242531319 0.311916251223 0.32624523906 0.32134502237
100807 0 0.303455629817 0.234444729575 0.37100696679 0.299735321645 0.308635501257
100808 1 0.298479991154 0.316146679698 0.242122509233 0.315037483939 0.320613291748
100809 1 0.436828901514 0.155983603242 0.744230716856 0.20469140645 0.642409879508
100810 0 0.226639996779 0.226415554215 0.202011874211 0.188826189276 0.289306369413
100811 1 0.483310400363 0.496752698604 0.472418927207 0.533128001332 0.430941974308
100812 0 0.286720005403 0.238469032748 0.262067468873 0.361140942471 0.28520257752
100813 1 0.412361002252 0.379392640559 0.402714310242 0.392778720343 0.474558337862
100814 1 0.599190323066 0.629947321849 0.656431650575 0.538429505747 0.571952814095
100815 0 0.38622633576 0.340049499897 0.405193701935 0.371135741375 0.428526399834
100816 0 0.300725558077 0.29429633783 0.285299894578 0.218211677539 0.405094322362
100817 1 0.792913513647 0.840038077747 0.857954476541 0.781102835062 0.692558665239
100818 0 0.200822694974 0.168765083182 0.16539525024 0.231689703683 0.237440742789
100819 0 0.296639482415 0.314565389039 0.265011288369 0.342236636948 0.264744615306
100820 0 0.614639969358 0.670576945888 0.658982404173 0.520401919243 0.60859860813
100821 0 0.249757556143 0.252464650241 0.245813327184 0.253934124917 0.246818122231
100822 0 0.332661278911 0.281818678091 0.285070334416 0.342917921324 0.420838181811
100823 1 0.247210430143 0.40265609598 0.204955312628 0.234544220646 0.146686091319
100824 1 0.531325805926 0.393029651966 0.58170441184 0.579058390118 0.571510769781
100825 1 0.37533321823 0.420186042656 0.41233341541 0.29948919223 0.369324222623
100826 0 0.300731880475 0.271126692034 0.298626732896 0.346772597415 0.286401499556
100827 0 0.366723521567 0.319954380369 0.37366637655 0.341663348664 0.431609980684
100828 0 0.285531897228 0.221392888852 0.370122935452 0.195375897171 0.355235867438
100829 0 0.281245483275 0.315630303332 0.2651767366 0.165507503075 0.378667390092
100830 0 0.489766695253 0.161979566112 0.871960444435 0.462551288591 0.462575481876
100831 1 0.479502942805 0.394036493083 0.531490118545 0.584046168709 0.408438990883
100832 0 0.30590084539 0.231478316349 0.358136105067 0.253930495181 0.380058464963
100833 0 0.359697796963 0.32512641445 0.345265220534 0.377278482724 0.391121070145
100834 1 0.469926354625 0.435560946682 0.485836566299 0.420665238829 0.537642666692
100835 0 0.209159910829 0.193150872895 0.196408758663 0.21959878827 0.227481223489
100836 0 0.310180439264 0.302837339638 0.313968712075 0.288042998074 0.335872707268
100837 1 0.749089309073 0.77261983381 0.838231186681 0.716381083675 0.669125132127
100838 0 0.357806001737 0.348044538716 0.416354139586 0.295186086023 0.371639242625
100839 1 0.467011527096 0.456062539786 0.429915657785 0.52610083249 0.455967078324
100840 0 0.253745910446 0.280300843167 0.25871880962 0.209547660362 0.266416328634
100841 1 0.326139784541 0.301490387902 0.415160666356 0.262239933366 0.32566815054
100842 0 0.373653946999 0.467419542261 0.38413957676 0.362275960994 0.280780707983
100843 1 0.431448821617 0.431851744299 0.465361401556 0.466314011725 0.36226812889
100844 0 0.3909745407 0.471021879467 0.27900854694 0.483393046505 0.330474689888
100845 0 0.202656474592 0.212394881434 0.175352032824 0.241035907106 0.181843077003
100846 0 0.43363213659 0.46372969109 0.456397917397 0.369930623685 0.44447031419
100847 1 0.514940647421 0.470633137186 0.427279121383 0.631464554033 0.530385777082
100848 0 0.388808005211 0.39115941124 0.349866100356 0.414902625256 0.399303883993
100849 0 0.282814009783 0.253035501782 0.259909751214 0.302539316397 0.315771469738
100850 1 0.512220416295 0.562667617703 0.543205472065 0.484988869046 0.458019706367
100851 1 0.605986150316 0.696615213388 0.558024949077 0.47538823355 0.69391620525
100852 0 0.707453216131 0.621336528379 0.748963204312 0.733474267718 0.726038864115
100853 1 0.522286839959 0.533705981253 0.55080141476 0.497022582914 0.507617380909
100854 0 0.334126364097 0.296875715187 0.281573926661 0.404184236912 0.353871577627
100855 1 0.543933599295 0.606483547206 0.592403725605 0.499494051918 0.477353072449
100856 1 0.804811992609 0.833208402215 0.708519751313 0.842381876018 0.835137940892
100857 1 0.62994476638 0.671175636398 0.594094058035 0.69618956974 0.558319801347
100858 0 0.30723390189 0.331495464892 0.227649187874 0.426583639948 0.243207314846
100859 1 0.356390042427 0.36620428345 0.338581680148 0.425278269394 0.295495936714
100860 1 0.319528437915 0.263016742836 0.393233293282 0.330854913167 0.291008802376
100861 0 0.324311939376 0.303676015725 0.299273862931 0.364861567676 0.329436311173
100862 0 0.265450272477 0.322540626805 0.209359133251 0.249579897554 0.280321432298
100863 0 0.308481233329 0.302082818903 0.31931834029 0.317281567198 0.295242206923
100864 0 0.408887719643 0.386675344122 0.385846540557 0.437227169934 0.425801823961
100865 0 0.52785163786 0.487264494428 0.867013245274 0.50237306636 0.254755745377
100866 1 0.318798046454 0.403622826197 0.288586249445 0.351446153822 0.231536956352
100867 1 0.394793202055 0.349616585026 0.380978209557 0.425147264891 0.423430748747
100868 1 0.672479415504 0.742908973718 0.603922653025 0.643322853516 0.699763181755
100869 1 0.368341337267 0.417379797781 0.342600350616 0.340860624382 0.372524576288
100870 0 0.256465867869 0.330152803686 0.349136037488 0.106791402273 0.239783228031
100871 1 0.583569133167 0.635366792832 0.594132965427 0.631341331904 0.473435442505
100872 1 0.312195258647 0.440705863189 0.205889417107 0.410193773104 0.19199198119
100873 0 0.258077047614 0.291057473835 0.192382757317 0.24392858173 0.304939377574
100874 0 0.364326620894 0.400825689552 0.360179432916 0.3626635397 0.333637821407
100875 0 0.302795532772 0.344843440838 0.245137366608 0.304266221185 0.316935102457
100876 1 0.26759061858 0.309018797255 0.218208725652 0.350075285736 0.193059665675
100877 0 0.509415702477 0.505261969033 0.290806937563 0.943333530759 0.298260372554
100878 1 0.453912475888 0.471924479641 0.383263884316 0.526997153138 0.433464386456
100879 0 0.370922016301 0.367647857855 0.352046148845 0.379986605572 0.384007452932
100880 1 0.693812796987 0.70289379154 0.746979406924 0.746264518473 0.579113471012
100881 0 0.424601980652 0.454050018167 0.439802103152 0.421936165163 0.382619636125
100882 1 0.580373556527 0.645958213995 0.596028955478 0.565968554566 0.513538502069
100883 0 0.249310234679 0.2418881674 0.310946882331 0.195987432238 0.248418456748
100884 0 0.455364192921 0.407383807882 0.445339849459 0.546319652743 0.422413461599
100885 1 0.22853681379 0.176467356677 0.240759535349 0.305515246023 0.191405117112
100886 0 0.329091301134 0.290514353804 0.440162144923 0.232505732994 0.353182972815
100887 0 0.307073743324 0.223034577107 0.33831759242 0.295776985632 0.371165818138
100888 1 0.27637721464 0.296250923132 0.320907030964 0.276174945334 0.212175959131
100889 0 0.381941893971 0.360656353715 0.450200083527 0.309989523811 0.406921614833
100890 1 0.328322417725 0.251469101975 0.384412516148 0.257292630969 0.420115421809
100891 0 0.523166773331 0.632661009366 0.504047921012 0.430116170288 0.525841992659
100892 0 0.234397926337 0.3199640037 0.103894723753 0.41135172258 0.102381255313
100893 0 0.552667601546 0.570186229092 0.499020559268 0.568085362392 0.573378255431
100894 1 0.503804633989 0.550416278748 0.490312826562 0.583056290209 0.391433140436
100895 0 0.3322956749 0.36480993882 0.307493222239 0.297296925327 0.359582613216
100896 0 0.2732358204 0.249574521327 0.304088660886 0.289202610531 0.250077488855
100897 0 0.345811795608 0.317043776279 0.397570371789 0.332979976815 0.335653057551
100898 0 0.302423570528 0.133695024015 0.437099667949 0.172169206266 0.466730383883
100899 0 0.424950075838 0.354095549946 0.477156513913 0.477800790046 0.390747449447
100900 1 0.363883405078 0.301574826328 0.313838274761 0.424652153474 0.41546836575
100901 0 0.353583283307 0.335483111076 0.386216351355 0.335752691568 0.35688097923
100902 0 0.40891421188 0.447654693239 0.4152109377 0.428084343482 0.344706873101
100903 1 0.484337740011 0.473246726463 0.501849140508 0.468658697631 0.493596395441
100904 1 0.340868790407 0.257129502736 0.377259548346 0.440516571751 0.288569538796
100905 1 0.345104613466 0.282885803447 0.39898892744 0.359443953333 0.339099769645
100906 0 0.271378963252 0.250078887156 0.280761473976 0.211377133446 0.343298358429
100907 0 0.308169703036 0.329038877385 0.298284046533 0.280314253062 0.325041635162
100908 1 0.293618742794 0.376293065973 0.288960178493 0.226033235727 0.283188490982
100909 1 0.327677632667 0.349353166016 0.360575844654 0.284857556992 0.315923963004
100910 0 0.265692956943 0.252306327856 0.315897254497 0.247010954415 0.247557291003
100911 0 0.368824143275 0.365926286502 0.432060814512 0.31659998521 0.360709486877
100912 1 0.58124158519 0.515506420622 0.694484639955 0.493602434752 0.621372845432
100913 1 0.556639523684 0.540323468435 0.566016843201 0.543261953977 0.576955829125
100914 1 0.515780045096 0.465705177886 0.551057834724 0.510008230323 0.536348937452
100915 0 0.290473700138 0.273245741439 0.269237543509 0.286098878782 0.333312636821
100916 1 0.374471552017 0.378996773751 0.38997378904 0.320231191015 0.408684454261
100917 0 0.258999388946 0.278238957956 0.259108982154 0.258291433801 0.240358181872
100918 1 0.394896551697 0.398978730967 0.413995554999 0.369047701116 0.397564219705
100919 0 0.252251418734 0.186234072661 0.232167574186 0.268942771555 0.321661256535
100920 1 0.528677303183 0.536752180498 0.497170799266 0.576496560317 0.504289672652
100921 0 0.316488778249 0.356110207702 0.274259897399 0.377619413413 0.257965594483
100922 1 0.40661014384 0.490882364959 0.345348247205 0.380077672268 0.410132290926
100923 0 0.27626211445 0.289789040279 0.284118235544 0.300367666262 0.230773515716
100924 1 0.368346507342 0.342927446236 0.294887562955 0.409322837852 0.426248182324
100925 1 0.477431132821 0.444090308294 0.455820572805 0.441673508301 0.568140141885
100926 0 0.28680687391 0.327013601827 0.345668352895 0.224839229829 0.24970631109
100927 1 0.493647533973 0.508892097186 0.495340501273 0.495436571305 0.47492096613
100928 1 0.316416642623 0.331929393764 0.393404020321 0.236813664494 0.303519491912
100929 1 0.980414181808 0.975304505318 0.995910600815 0.955173421235 0.995268199863
100930 1 0.38700442129 0.414015200807 0.351386763759 0.427888487349 0.354727233246
100931 0 0.172619844278 0.147334960978 0.0601876734272 0.41135172258 0.071605020128
100932 1 0.333798175674 0.363334045362 0.416608599414 0.23866097105 0.316589086871
100933 0 0.287884325157 0.306075952329 0.3043242327 0.340553756496 0.200583359102
100934 0 0.392143900415 0.463787544624 0.342730955075 0.284959433762 0.477097668199
100935 1 0.31182303208 0.248151630972 0.418369369062 0.329681013412 0.251090114872
100936 0 0.248701251664 0.316426198471 0.181501843576 0.272863519842 0.224013444769
100937 0 0.323383245265 0.262387568697 0.437945552665 0.255587263839 0.337612595861
100938 1 0.435904852594 0.349303377173 0.481632305961 0.518690004336 0.393993722906
100939 0 0.306854830264 0.327517693382 0.29645023394 0.232017904095 0.371433489638
100940 1 0.380787250812 0.383214976881 0.355605113393 0.426334379024 0.357994533951
100941 1 0.445747856093 0.401110011578 0.570778580102 0.43036813413 0.380734698563
100942 0 0.61239908779 0.726416033162 0.606621384683 0.621834478854 0.494724454461
100943 0 0.292306003953 0.291630636027 0.278188941893 0.303103503658 0.296300934233
100944 1 0.448874112274 0.447939324125 0.535223850034 0.437572217789 0.374761057149
100945 1 0.323152147763 0.296228229959 0.376689355669 0.289831301319 0.329859704104
100946 1 0.307639228739 0.276207235848 0.331414442877 0.317659830504 0.305275405727
100947 0 0.227997999203 0.246839086188 0.203663659661 0.254891690104 0.20659756086
100948 1 0.750575894809 0.807235307028 0.75285859248 0.725318343019 0.716891336709
100949 1 0.393325634922 0.552285860946 0.259075316838 0.490549104078 0.271392257825
100950 0 0.333825953898 0.30957072435 0.389837164198 0.3208905972 0.315005329844
100951 0 0.398324821393 0.400563911881 0.470338179813 0.403876069859 0.318521124019
100952 1 0.680949471847 0.659149026186 0.732736944264 0.713268991509 0.618642925431
100953 1 0.810910405469 0.780779842892 0.816185308398 0.874976548364 0.77169992222
100954 1 0.297712806766 0.325782987863 0.326204273405 0.24452874463 0.294335221166
100955 0 0.450315547608 0.35238842053 0.513369982379 0.348972538128 0.586531249394
100956 1 0.410031804324 0.411915607176 0.39403304306 0.489840026211 0.344338540847
100957 0 0.316870512748 0.269495449346 0.366091860738 0.246050639575 0.385844101335
100958 0 0.301427098272 0.350225261954 0.316692735159 0.224390115857 0.314400280119
100959 1 0.699309448898 0.637363819507 0.657735831372 0.776009228893 0.726128915822
100960 0 0.308989144509 0.392042317713 0.253267378296 0.300166524477 0.290480357548
100961 1 0.290728196678 0.309436657982 0.292739004054 0.320812332025 0.239924792653
100962 0 0.402255616659 0.451498985517 0.306909792091 0.534344217837 0.31626947119
100963 0 0.248661373082 0.165730780775 0.249869545481 0.249062617255 0.329982548819
100964 0 0.284472317749 0.326168464739 0.206142445764 0.33135112594 0.274227234555
100965 1 0.44742441302 0.386699852127 0.427180044454 0.488320742316 0.487497013183
100966 0 0.404447129453 0.28013810064 0.432909487369 0.37084976381 0.533891165994
100967 0 0.440949087857 0.392112090364 0.440879634291 0.414799579789 0.516005046984
100968 1 0.308374749608 0.325253085421 0.239383300683 0.364301653191 0.304560959139
100969 0 0.261663553133 0.251022927233 0.316163591166 0.197991469238 0.281476224896
100970 0 0.205285556723 0.160930506432 0.231547729819 0.23082883878 0.197835151862
100971 0 0.741022580444 0.776853336579 0.751521260607 0.661899960826 0.773815763764
100972 0 0.337699262858 0.275211939557 0.205031096361 0.40851016786 0.462043847655
100973 1 0.168122485766 0.260123274738 0.166926105432 0.0799863633425 0.165454199553
100974 1 0.792781103779 0.802084146556 0.840386412982 0.844201573547 0.68445228203
100975 1 0.378275979031 0.376812745344 0.415022286641 0.306791502367 0.414477381771
100976 0 0.388788771877 0.287477501931 0.36453330052 0.450738590751 0.452405694305
100977 1 0.476445954245 0.378087040015 0.543929535339 0.462108052152 0.521659189475
100978 0 0.395893101373 0.386828465508 0.474464022867 0.314573186551 0.407706730566
100979 1 0.389261463336 0.328754969545 0.392792601578 0.344475080353 0.491023201869
100980 0 0.361954022077 0.34764067409 0.44192406536 0.271408744886 0.38684260397
100981 1 0.739872681998 0.784115315957 0.666667029965 0.801251782167 0.707456599904
100982 0 0.302382243787 0.336774700419 0.347109918737 0.271795360406 0.253848995587
100983 0 0.357515281194 0.303822993997 0.429571057954 0.398683273901 0.297983798925
100984 1 0.31274149757 0.30541682052 0.335463531521 0.285836187576 0.324249450664
100985 0 0.261265577876 0.257802518082 0.219087154706 0.266667586416 0.301505052298
100986 1 0.361716458436 0.325311422107 0.404320457213 0.29161680003 0.425617154394
100987 1 0.476714148586 0.378292228593 0.663884028671 0.465649445392 0.399030891687
100988 1 0.457689037968 0.494283374441 0.476903981487 0.434948735596 0.424620060347
100989 1 0.534899608245 0.526293425058 0.536028084779 0.561305282202 0.515971640942
100990 0 0.353169443473 0.318327255654 0.431392527363 0.386301097936 0.276656892941
100991 0 0.2720141514 0.32083142373 0.300745862148 0.31772993202 0.148749387702
100992 1 0.942384292344 0.936152109394 0.956406267988 0.946025001931 0.930953790062
100993 0 0.258015947337 0.2711986959 0.231771711186 0.295489208155 0.233604174108
100994 0 0.291573411885 0.190735709907 0.334499511782 0.363608099722 0.27745032613
100995 1 0.482071085808 0.462650065105 0.543572851913 0.428647898137 0.493413528077
100996 0 0.452595785342 0.474713199603 0.453415747079 0.475113176975 0.407141017712
100997 0 0.407861837335 0.390153410843 0.311226734324 0.376306551267 0.553760652907
100998 1 0.262811510322 0.377369943918 0.247081181241 0.182841053135 0.243953862996
100999 1 0.216566645906 0.279337481332 0.195752812526 0.202156969442 0.189019320325
