IDs scores
100851 
100367 
100047 
100951 
100365 
100577 
100174 
100241 
100316 
100507 
100718 
100663 
100796 
100789 
100091 
100097 
100568 
100104 
100558 
100933 
100829 
100993 
100475 
100225 
100119 
100881 
100248 
100085 
100647 
100539 
100538 
100879 
100779 
100835 
100443 
100683 
100376 
100582 
100019 
100114 
100485 
100390 
100925 
100141 
100937 
100142 
100886 
100676 
100579 
100275 
100468 
100931 
100769 
100795 
100691 
100550 
100407 
100805 
100863 
100554 
100872 
100239 
100638 
100768 
100561 
100214 
100465 
100186 
100548 
100340 
100191 
100270 
100639 
100488 
100013 
100919 
100890 
100375 
100008 
100355 
100435 
100701 
100845 
100055 
100787 
100846 
100750 
100118 
100308 
100002 
100910 
100440 
100161 
100575 
100378 
100333 
100840 
100980 
100356 
100246 
100322 
100343 
100458 
100946 
100615 
100011 
100721 
100277 
100738 
100243 
100876 
100692 
100456 
100116 
100702 
100500 
100093 
100320 
100666 
100042 
100056 
100064 
100978 
100613 
100741 
100903 
100264 
100063 
100464 
100092 
100908 
100885 
100410 
100339 
100106 
100419 
100255 
100294 
100312 
100887 
100630 
100775 
100303 
100353 
100973 
100895 
100273 
100569 
100216 
100547 
100478 
100006 
100076 
100527 
100591 
100859 
100803 
100036 
100072 
100145 
100110 
100429 
100173 
100420 
100543 
100560 
100541 
100146 
100080 
100220 
100136 
100346 
100921 
100345 
100151 
100985 
100481 
100165 
100964 
100901 
100801 
100866 
100743 
100534 
100152 
100513 
100834 
100581 
100530 
100432 
100452 
100491 
100363 
100657 
100373 
100705 
100844 
100652 
100492 
100279 
100283 
100227 
100808 
100625 
100204 
100806 
100124 
100336 
100018 
100126 
100196 
100602 
100094 
100943 
100798 
100213 
100497 
100045 
100930 
100883 
100637 
100078 
100899 
100051 
100963 
100342 
100043 
100329 
100849 
100428 
100324 
100305 
100445 
100821 
100451 
100199 
100437 
100614 
100506 
100842 
100923 
100646 
100961 
100395 
100397 
100221 
100698 
100858 
100852 
100810 
100386 
100307 
100984 
100628 
100447 
100997 
100242 
100158 
100586 
100970 
100297 
100285 
100187 
100944 
100229 
100648 
100758 
100024 
100205 
100662 
100232 
100163 
100323 
100819 
100474 
100746 
100926 
100284 
100415 
100463 
100785 
100071 
100744 
100788 
100572 
100914 
100181 
100774 
100907 
100924 
100686 
100632 
100372 
100352 
100349 
100306 
100551 
100211 
100792 
100975 
100033 
100139 
100217 
100271 
100695 
100659 
100351 
100790 
100745 
100875 
100732 
100777 
100536 
100607 
100922 
100955 
100038 
100067 
100350 
100100 
100292 
100957 
100253 
100079 
100459 
100927 
100989 
100897 
100014 
100392 
100189 
100223 
100621 
100631 
100770 
100122 
100542 
100348 
100609 
100263 
100135 
100564 
100206 
100917 
100822 
100311 
100909 
100719 
100737 
100950 
100337 
100605 
100623 
100471 
100233 
100202 
100749 
100027 
100848 
100193 
100155 
100449 
100029 
100132 
100991 
100148 
100247 
100624 
100932 
100244 
100967 
100009 
100144 
100010 
100656 
100664 
100012 
100310 
100321 
100177 
100669 
100537 
100891 
100448 
100107 
100682 
100807 
100096 
100414 
100562 
100125 
100065 
100618 
100958 
100499 
100371 
100393 
100281 
100601 
100968 
100360 
100046 
100424 
100472 
100493 
100804 
100597 
100873 
100706 
100622 
100171 
100517 
100511 
100509 
100176 
100438 
100954 
100250 
100942 
100972 
100831 
100969 
100087 
100005 
100827 
100147 
100726 
100476 
100860 
100813 
100861 
100086 
100670 
100776 
100379 
100408 
100044 
100928 
100960 
100315 
100828 
100195 
100052 
100673 
100672 
100185 
100272 
100425 
100374 
100095 
100838 
100839 
100877 
100693 
100982 
100001 
100904 
100357 
100383 
100179 
100182 
100224 
100552 
100535 
100864 
100889 
100684 
100640 
100793 
100400 
100053 
100710 
100117 
100725 
100994 
100938 
100406 
100212 
100477 
100111 
100888 
100237 
100812 
100382 
100825 
100251 
100658 
100995 
100487 
100815 
100791 
100129 
100364 
100017 
100882 
100559 
100120 
100996 
100771 
100170 
100073 
100940 
100555 
100756 
100896 
100704 
100546 
100934 
100759 
100411 
100384 
100832 
100797 
100661 
100486 
100396 
100681 
100990 
100593 
100731 
100802 
100387 
100585 
100265 
100608 
100708 
100256 
100066 
100409 
100820 
100508 
100362 
100824 
100773 
100694 
100301 
100466 
100168 
100457 
100962 
100109 
100219 
100651 
100617 
100761 
100028 
100422 
100473 
100556 
100150 
100596 
100913 
100156 
100102 
100245 
100257 
100004 
100772 
100522 
100209 
100754 
100039 
100299 
100293 
100600 
100780 
100226 
100289 
100727 
100512 
100167 
100231 
100565 
100784 
100518 
100782 
100207 
100679 
100083 
100269 
100971 
100654 
100655 
100090 
100826 
100649 
100540 
100159 
100709 
100850 
100389 
100446 
100138 
100088 
100133 
100794 
100068 
100484 
100099 
100870 
100082 
100739 
100175 
100228 
100291 
100629 
100462 
100939 
100723 
100344 
100911 
100327 
100469 
100048 
100098 
100112 
100767 
100059 
100763 
100416 
100516 
100635 
100041 
100494 
100755 
100545 
100675 
100070 
100325 
100309 
100455 
100687 
100354 
100947 
100643 
100587 
100479 
100836 
100143 
100330 
100260 
100720 
100197 
100594 
100699 
100123 
100573 
100680 
100461 
100717 
100531 
100781 
100570 
100627 
100544 
100742 
100574 
100977 
100514 
100634 
100966 
100426 
100611 
100667 
100210 
100302 
100760 
100892 
100504 
100715 
100300 
100254 
100460 
100184 
100616 
100751 
100894 
100391 
100266 
100713 
100671 
100865 
100595 
100331 
100884 
100752 
100833 
100620 
100533 
100338 
100267 
100604 
100711 
100678 
100137 
100765 
100366 
100084 
100571 
100489 
100734 
100296 
100335 
100660 
100952 
100915 
100280 
100841 
100532 
100590 
100578 
100021 
100121 
100034 
100075 
100598 
100062 
100249 
100060 
100495 
100434 
100304 
100154 
100589 
100677 
100606 
100636 
100783 
100707 
100467 
100278 
100222 
100988 
100730 
100380 
100515 
100326 
100423 
100298 
100230 
100108 
100361 
100557 
100953 
100295 
100757 
100878 
100203 
100359 
100916 
100418 
100282 
100619 
100674 
100690 
100524 
100261 
100920 
100149 
100385 
100190 
100031 
100040 
100526 
100736 
100274 
100729 
100198 
100252 
100178 
100816 
100510 
100160 
100854 
100948 
100519 
100234 
100786 
100319 
100650 
100332 
100058 
100697 
100874 
100103 
100843 
100818 
100567 
100830 
100703 
100747 
100388 
100869 
100906 
100762 
100454 
100431 
100502 
100134 
100218 
100164 
100050 
100724 
100453 
100015 
100862 
100941 
100712 
100417 
100696 
100268 
100402 
100898 
100610 
100105 
100025 
100016 
100983 
100436 
100259 
100236 
100685 
100714 
100871 
100398 
100700 
100847 
100368 
100599 
100441 
100936 
100986 
100748 
100653 
100688 
100893 
100037 
100140 
100020 
100549 
100192 
100188 
100003 
100427 
100287 
100023 
100183 
100641 
100470 
100987 
100061 
100200 
100032 
100131 
100166 
100115 
100180 
100976 
100811 
100030 
100740 
100857 
100483 
100823 
100900 
100394 
100412 
100668 
100735 
100644 
100194 
100347 
100521 
100169 
100592 
100501 
100313 
100867 
100716 
100358 
100286 
100201 
100153 
100369 
100054 
100128 
100799 
100956 
100566 
100334 
100778 
100074 
100370 
100505 
100444 
100612 
100902 
100722 
100912 
100999 
100959 
100113 
100127 
100208 
100764 
100496 
100401 
100855 
100238 
100421 
100814 
100405 
100450 
100642 
100529 
100318 
100525 
100689 
100262 
100528 
100645 
100480 
100905 
100603 
100433 
100314 
100817 
100974 
100520 
100341 
100442 
100377 
100583 
100328 
100588 
100026 
100022 
100498 
100130 
100584 
100157 
100949 
100580 
100240 
100172 
100880 
100998 
100965 
100563 
100753 
100089 
100945 
100665 
100490 
100800 
100853 
100626 
100215 
100290 
100049 
100733 
100081 
100523 
100069 
100809 
100101 
100553 
100728 
100868 
100992 
100404 
100403 
100837 
100979 
100439 
100935 
100503 
100430 
100929 
100576 
100276 
100633 
100077 
100035 
100057 
100413 
100856 
100288 
100766 
100258 
100235 
100918 
100482 
100981 
100317 
100000 
100007 
100381 
100399 
100162 
