IDs label avgscores score0 score1 score2 score3
100000 1 0.993792406655 0.996307257642 0.992825477656 0.99076793888 0.995268952441
100001 0 0.364336023797 0.326388235041 0.31384560529 0.355706762378 0.461403492478
100002 1 0.256970144326 0.277927998643 0.218412928731 0.267439519327 0.264100130603
100003 1 0.508231927183 0.536079563278 0.457297422188 0.567678916507 0.47187180676
100004 0 0.393527679902 0.3601882447 0.428519060586 0.445751382344 0.339652031978
100005 1 0.357280024153 0.440689605314 0.391487589368 0.323576977898 0.273365924032
100006 0 0.281935747131 0.259515506247 0.373337764372 0.151290015416 0.343599702488
100007 1 0.994837297917 0.994704489662 0.996113228519 0.99217810387 0.996353369617
100008 0 0.253498350773 0.289366446452 0.176265244803 0.372878760946 0.175482950889
100009 0 0.343681795485 0.328638425319 0.321141497847 0.352233239062 0.372714019713
100010 0 0.34437288461 0.343281574605 0.296226665296 0.396068838017 0.341914460522
100011 0 0.264637152475 0.328526655993 0.222046165248 0.290649738157 0.2173260505
100012 0 0.3450253038 0.23901045494 0.502379893093 0.359108867742 0.279601999424
100013 0 0.251255991176 0.26810726108 0.252444059613 0.227184891398 0.257287752613
100014 1 0.332844594015 0.412460284459 0.306794286527 0.34034742267 0.271776382406
100015 1 0.492818368929 0.440240438116 0.520411713715 0.567591550909 0.443029772975
100016 1 0.497462267201 0.433580508234 0.749391555448 0.39380310557 0.41307389955
100017 0 0.372446543949 0.333338034699 0.559613007696 0.362744060947 0.234091072454
100018 0 0.299496281121 0.233614579895 0.361062114945 0.346510074389 0.256798355254
100019 1 0.229816969747 0.271586404809 0.216742439008 0.184263491656 0.246675543515
100020 0 0.505507120986 0.588256625053 0.498159632811 0.569547281794 0.366064944285
100021 1 0.446504460716 0.803156746965 0.175333470086 0.408212033977 0.399315591836
100022 0 0.656112342882 0.444721756383 0.841547711699 0.501459981366 0.836719922079
100023 1 0.512492691444 0.498789347504 0.595262189578 0.564809087139 0.391110141555
100024 0 0.316214802801 0.272045086768 0.42666399695 0.303214775576 0.26293535191
100025 1 0.497410477534 0.545884138898 0.388522340837 0.452376046987 0.602859383414
100026 1 0.644351802606 0.669807547636 0.656580283927 0.49941514579 0.75160423307
100027 0 0.340116946871 0.360382913022 0.27147568489 0.444425491668 0.284183697903
100028 1 0.390441107748 0.474193631336 0.35045059583 0.317766118046 0.419354085781
100029 0 0.340869937967 0.37834346169 0.238566158847 0.314381780368 0.432188350965
100030 0 0.526440045669 0.462869958753 0.631087314616 0.494181141406 0.5176217679
100031 0 0.469978312591 0.517023097959 0.315914008369 0.446723327991 0.600252816044
100032 0 0.520815062486 0.563840419776 0.607256754956 0.447463693735 0.464699381478
100033 0 0.323543557435 0.222870476586 0.430603862899 0.298281509639 0.342418380614
100034 1 0.447232412804 0.479775082835 0.455585322551 0.439560183365 0.414009062464
100035 1 0.940308384633 0.962196006987 0.936196581988 0.926776194321 0.936064755237
100036 1 0.283177504571 0.445246512703 0.20752725067 0.30079501261 0.179141242302
100037 1 0.504978918627 0.4766948728 0.434534725161 0.507870232583 0.600815843962
100038 0 0.329080208292 0.355516583605 0.372909865638 0.308714620704 0.279179763223
100039 0 0.395067070455 0.516089344601 0.44006036179 0.325071724523 0.299046850906
100040 1 0.470172826204 0.504402488128 0.576315547754 0.396193710156 0.403779558777
100041 0 0.412937355149 0.355524965069 0.397153601811 0.413261657736 0.485809195981
100042 0 0.273425797037 0.408364450539 0.187901211992 0.2204271797 0.277010345918
100043 0 0.306123749296 0.233277250595 0.405511105132 0.29613382975 0.289572811706
100044 0 0.360457325881 0.517980258563 0.31261534103 0.340725937553 0.270507766376
100045 0 0.304033202256 0.24825289739 0.220817041342 0.433377009781 0.313685860512
100046 0 0.350877167425 0.307626422474 0.349448587029 0.335834506921 0.410599153276
100047 0 0.180981156395 0.181704233468 0.131913161687 0.198768235902 0.211538994523
100048 1 0.41112988929 0.495059049897 0.391575246471 0.46095646087 0.296928799923
100049 1 0.785557040159 0.874629421331 0.71472094594 0.844597599718 0.708280193646
100050 1 0.492270197202 0.369927921387 0.663759135229 0.541198191772 0.39419554042
100051 0 0.305082774481 0.35281734741 0.333512580231 0.261034407649 0.272966762634
100052 0 0.361912548005 0.342607714807 0.44800505597 0.257686605467 0.399350815777
100053 1 0.367572525814 0.241858392727 0.377159994153 0.214064966435 0.637206749943
100054 1 0.55123319736 0.621196202252 0.507978222316 0.525748259498 0.550010105373
100055 0 0.255950598243 0.338744157292 0.198913101611 0.226081653614 0.260063480455
100056 0 0.273661248639 0.201586477769 0.25893183432 0.334395862177 0.29973082029
100057 1 0.948470666649 0.962529634867 0.946651430246 0.916326944184 0.968374657301
100058 1 0.480257141528 0.498307431242 0.389247812809 0.487543080723 0.545930241338
100059 0 0.412093043596 0.367085572433 0.494587052018 0.368023619161 0.418675930773
100060 1 0.450227100327 0.510856185136 0.446749035432 0.423173210864 0.420129969875
100061 1 0.517322205299 0.486265493582 0.486449174252 0.663304342135 0.433269811228
100062 1 0.449546512437 0.491915344231 0.317163946244 0.43445460517 0.554652154104
100063 0 0.275628636251 0.276767559225 0.291000161267 0.261636202356 0.273110622155
100064 0 0.274023290016 0.168124247825 0.365900368978 0.334149945202 0.227918598058
100065 1 0.348358983103 0.247468425812 0.389462507255 0.43719095736 0.319314041984
100066 0 0.384097456536 0.429930916429 0.396270171442 0.411910057505 0.298278680767
100067 0 0.329253916168 0.360817931702 0.352675313023 0.33812271819 0.265399701756
100068 1 0.405728273293 0.442459192609 0.377875072522 0.393667200633 0.408911627409
100069 1 0.846988050223 0.800554650957 0.887405142346 0.829035472771 0.870956934816
100070 1 0.41548746736 0.341122933732 0.542773788439 0.470822408966 0.307230738302
100071 0 0.319112864484 0.226761151534 0.421244457087 0.344010676099 0.284435173214
100072 0 0.283272113462 0.330883048324 0.352620213449 0.190319553822 0.259265638253
100073 0 0.374452943732 0.259613267644 0.302724342028 0.522929507036 0.412544658221
100074 1 0.556721763807 0.643214816708 0.599122366994 0.502523596739 0.482026274789
100075 1 0.447582931672 0.345983606629 0.604169553326 0.480939960178 0.359238606557
100076 0 0.282438331599 0.307671247184 0.199411246417 0.38986315678 0.232807676013
100077 1 0.93528928039 0.948247853676 0.905189622029 0.960415483922 0.927304161932
100078 0 0.304850887776 0.42699574389 0.27861955796 0.268290343309 0.245497905947
100079 0 0.331284121306 0.303019896494 0.376190997445 0.313538848845 0.33238674244
100080 0 0.285458212258 0.269073919044 0.362755032241 0.204343048191 0.305660849554
100081 1 0.821009903435 0.836045212864 0.806258415584 0.743187158639 0.898548826653
100082 1 0.407053898916 0.397205700853 0.39021453692 0.427687787175 0.413107570715
100083 0 0.399975295944 0.513123749868 0.466169210532 0.282250959536 0.338357263841
100084 0 0.440334091669 0.512106375609 0.46786305651 0.391727974563 0.389638959996
100085 0 0.219025896127 0.18445489904 0.26141971007 0.151449471692 0.278779503705
100086 0 0.360035729931 0.339322018624 0.362727526579 0.328285484763 0.40980788976
100087 1 0.355883732273 0.395849102186 0.342268470559 0.35521940409 0.330197952258
100088 1 0.40404473232 0.347888309065 0.513074149885 0.271404972592 0.483811497738
100089 1 0.744771989821 0.689100011351 0.740640246899 0.749103011633 0.8002446894
100090 1 0.401854116218 0.426434377359 0.447233839072 0.348097259443 0.385650988996
100091 1 0.20703016792 0.282691575812 0.214249095501 0.10174286699 0.229437133379
100092 0 0.277250056721 0.259226298436 0.240944239224 0.252445573048 0.356384116175
100093 0 0.27179447939 0.243184854749 0.292986034818 0.260125612874 0.290881415121
100094 0 0.300624290305 0.411230473393 0.245964264376 0.31219549724 0.233106926211
100095 0 0.362738959453 0.369251867721 0.379105266569 0.392721707227 0.309876996296
100096 1 0.34712818343 0.322510157411 0.272666429906 0.420741584492 0.372594561912
100097 0 0.208874491291 0.189694156724 0.146861486584 0.199831608206 0.299110713648
100098 1 0.411197585013 0.463489909558 0.439042377582 0.413812389075 0.328445663836
100099 0 0.406275761106 0.567665033119 0.303406224659 0.445606165257 0.308425621388
100100 0 0.330087687405 0.274733713762 0.443996501578 0.203198083641 0.398422450638
100101 1 0.849034764748 0.713551076114 0.910712636401 0.830906946411 0.940968400066
100102 0 0.393058164159 0.490978108805 0.327016186159 0.352827283625 0.401411078047
100103 0 0.481533519372 0.440674847131 0.543901916389 0.396480912238 0.545076401732
100104 0 0.212035203023 0.167344492133 0.380708083119 0.134235212156 0.165853024685
100105 1 0.496631521929 0.247992162674 0.713552767357 0.457207956438 0.567773201249
100106 0 0.27808357232 0.304349227063 0.177677739533 0.386022218232 0.244285104451
100107 0 0.346685664697 0.367161282624 0.292542942813 0.37319505893 0.35384337442
100108 1 0.459036712612 0.462895711983 0.430734073449 0.389722663867 0.55279440115
100109 1 0.389510669654 0.354972041688 0.310231578017 0.476678095045 0.416160963866
100110 1 0.28363343112 0.337161658044 0.305180529445 0.29772439746 0.194467139533
100111 0 0.368704045135 0.436398917841 0.309466261705 0.298278604347 0.430672396647
100112 0 0.411597055056 0.388414231819 0.472835603051 0.373811066297 0.411327319058
100113 1 0.57036405607 0.624098891455 0.57493500718 0.575431510305 0.506990815338
100114 0 0.230759378145 0.253327091405 0.205567140342 0.243940745804 0.22020253503
100115 1 0.523725320544 0.714109092931 0.469224515145 0.463375174282 0.448192499818
100116 1 0.271001456354 0.22177676463 0.212232323065 0.368375292506 0.281621445215
100117 1 0.367792175419 0.553031610594 0.270818265851 0.416879867158 0.230438958071
100118 0 0.256176626121 0.412306598117 0.203497059304 0.149770210955 0.259132636109
100119 0 0.217723563745 0.182816541807 0.268224049685 0.187801790576 0.232051872912
100120 1 0.373703824082 0.186283540114 0.251686703889 0.521664644004 0.535180408322
100121 0 0.447163201436 0.432920494642 0.4860091973 0.501454341579 0.368268772222
100122 0 0.334514777167 0.290311301733 0.377717394224 0.295752401242 0.374278011469
100123 0 0.420952136808 0.329329021361 0.48395959039 0.398138461057 0.472381474425
100124 1 0.299302799291 0.294631941403 0.347889956817 0.27435836203 0.280330936916
100125 0 0.347827711345 0.300043255676 0.418166894783 0.373734067768 0.299366627154
100126 0 0.299888597585 0.225088871187 0.423637278278 0.33999768289 0.210830557983
100127 1 0.576994001971 0.513813159727 0.595527815529 0.636734350572 0.561900682058
100128 0 0.551964091593 0.485970809722 0.706551109685 0.500486038713 0.514848408251
100129 0 0.371978033437 0.390122028074 0.369263877009 0.363615459123 0.364910769543
100130 1 0.662857994368 0.783015943191 0.754918774514 0.576623023349 0.536874236417
100131 0 0.52083930402 0.526054886439 0.591561319146 0.530482447535 0.435258562961
100132 1 0.341659401326 0.361060560546 0.254568850383 0.322112699786 0.428895494588
100133 0 0.405304381431 0.280064266593 0.615839215403 0.471134916346 0.254179127383
100134 0 0.49131761179 0.420122144579 0.780748023049 0.458857165645 0.305543113885
100135 1 0.335113310464 0.369941708229 0.340785910519 0.296506841765 0.333218781345
100136 0 0.286329648233 0.265763856698 0.261748827714 0.270364858548 0.34744104997
100137 0 0.437769708308 0.337515365351 0.595556404623 0.348328501091 0.469678562165
100138 1 0.404018557002 0.48362012506 0.528004571804 0.32778943694 0.276660094203
100139 0 0.323899279497 0.300626499717 0.392208484436 0.210140990253 0.392621143582
100140 1 0.505495299043 0.517264254878 0.417671163179 0.444626634871 0.642419143243
100141 0 0.232338255674 0.209446713523 0.282971302778 0.194593702303 0.242341304092
100142 0 0.23318736799 0.261399282192 0.219035966379 0.200484551558 0.251829671832
100143 0 0.418370529814 0.490601891111 0.32921345151 0.505788880204 0.347877896431
100144 0 0.343746215637 0.363703138265 0.269632374669 0.367746593135 0.373902756479
100145 0 0.283602835027 0.30530400298 0.398481003432 0.261579831631 0.169046502063
100146 0 0.28538747882 0.18900954422 0.421462671502 0.275595933852 0.255481765705
100147 1 0.358537309202 0.4921619543 0.293440881443 0.313408917712 0.335137483351
100148 1 0.341732837909 0.304320731425 0.307691393548 0.46791308344 0.287006143225
100149 1 0.469256051114 0.42705533814 0.42952325772 0.416153777582 0.604291831016
100150 1 0.391845076117 0.500949424726 0.227343092718 0.445468440357 0.393619346667
100151 0 0.28807432111 0.309637041178 0.304954354501 0.35824203665 0.179463852111
100152 1 0.29232288529 0.313709415827 0.275730098048 0.335703200071 0.244148827212
100153 1 0.549039883876 0.672103488432 0.53598126926 0.594582748002 0.393492029809
100154 0 0.451623682145 0.729666261832 0.551465411655 0.358338462868 0.167024592224
100155 0 0.340417851917 0.297453350667 0.412101985197 0.223957093599 0.428158978204
100156 0 0.392996467483 0.48620884684 0.404613422248 0.43544361411 0.245719986736
100157 1 0.670680132381 0.650001310041 0.67184947036 0.717225113852 0.643644635271
100158 0 0.314915628493 0.424981062002 0.09313735686 0.537183301102 0.204360794009
100159 0 0.40285893565 0.316648042991 0.48765654757 0.449691056889 0.35744009515
100160 0 0.475409233266 0.372412164187 0.542282162488 0.534981337472 0.451961268915
100161 0 0.258521544754 0.235588103233 0.342825691268 0.235096096749 0.220576287766
100162 1 0.999891348324 0.999873991871 0.999817707259 0.999941433934 0.999932260233
100163 0 0.316704140302 0.31348303208 0.328688137204 0.347590615801 0.277054776121
100164 1 0.491398366465 0.412172227675 0.631510719289 0.346995956433 0.574914562462
100165 0 0.290479098376 0.233773286942 0.323377643 0.252510830911 0.352254632649
100166 1 0.523086837853 0.659254307397 0.533076671726 0.400044710893 0.499971661396
100167 0 0.397873649374 0.434832239423 0.305653194122 0.393504006734 0.457505157218
100168 0 0.388747382325 0.443552377944 0.491806765244 0.321934406562 0.297695979552
100169 0 0.537874902713 0.578975820402 0.723071121795 0.388529475403 0.460923193252
100170 1 0.374263195305 0.459389721777 0.322679452132 0.34242888769 0.372554719619
100171 0 0.353553576201 0.319635188256 0.542646353797 0.24568325224 0.306249510513
100172 1 0.706755396489 0.674742342316 0.762394871546 0.71520972835 0.674674643744
100173 0 0.284391097146 0.410704332032 0.153445149676 0.3199718961 0.253443010777
100174 0 0.192945655825 0.163398773092 0.197224661098 0.188387916881 0.222771272231
100175 0 0.407433950932 0.47595715688 0.453904527724 0.256032062614 0.443842056511
100176 1 0.354971085248 0.265019823602 0.282326818272 0.29026026791 0.582277431209
100177 0 0.345188829032 0.388398581766 0.374320729289 0.37918426888 0.238851736192
100178 0 0.472900741742 0.48082140496 0.446167887799 0.549134143874 0.415479530334
100179 0 0.365138889367 0.395923483207 0.437887432647 0.341127765053 0.285616876562
100180 1 0.525320373401 0.409611063458 0.614538471731 0.547229975831 0.529901982585
100181 0 0.320162438644 0.416791210821 0.309401657823 0.283940940913 0.270515945017
100182 0 0.365251207857 0.46897070634 0.351271651732 0.410084369005 0.23067810435
100183 1 0.512898299117 0.572638918169 0.488641782833 0.612940329412 0.377372166053
100184 1 0.431212986069 0.393593795025 0.609689574156 0.441233687266 0.28033488783
100185 0 0.362324786066 0.437047209218 0.367377339932 0.289851574102 0.355023021011
100186 0 0.248869475938 0.253980882878 0.223222126666 0.25943657075 0.258838323456
100187 1 0.315426174124 0.467936770432 0.351163047563 0.218915942198 0.223688936304
100188 0 0.506413950834 0.475128130645 0.544339593679 0.579557142974 0.426630936036
100189 0 0.332956179575 0.223080823273 0.384150683931 0.3185767814 0.406016429694
100190 1 0.469871792284 0.41276682617 0.421905578931 0.478799202831 0.566015561206
100191 0 0.249672648613 0.36510083658 0.17826845935 0.298247886333 0.15707341219
100192 1 0.505973453746 0.666262582264 0.515589335974 0.475983467022 0.366058429723
100193 0 0.340262299239 0.339679343406 0.350729815179 0.336577422875 0.334062615494
100194 0 0.537021277412 0.546924655496 0.642085093152 0.523272913317 0.435802447682
100195 0 0.36191031406 0.415371465381 0.399475501732 0.351665584112 0.281128705016
100196 1 0.300408287162 0.224706706818 0.297413954051 0.254326275182 0.425186212596
100197 0 0.419487669959 0.303517663005 0.51620019315 0.490134181321 0.368098642359
100198 1 0.472465894191 0.39987956421 0.443592785125 0.567589198864 0.478802028565
100199 1 0.308332164148 0.256247586365 0.341907888286 0.247773409089 0.387399772851
100200 1 0.520687910384 0.549633621036 0.567989872837 0.524227481816 0.440900665847
100201 1 0.548242706751 0.523987002831 0.715977549913 0.40169943139 0.55130684287
100202 0 0.339544668367 0.385214968229 0.35089009434 0.220280775557 0.401792835343
100203 1 0.463309592042 0.526669953967 0.34432650868 0.381616333981 0.600625571539
100204 0 0.297663368165 0.257702383845 0.310404786331 0.360727456512 0.261818845972
100205 0 0.316254794658 0.306947308233 0.314157582224 0.372148703073 0.271765585103
100206 0 0.335975436499 0.286645656946 0.426841907701 0.245752261727 0.38466191962
100207 0 0.399566316449 0.432806007085 0.424393386127 0.411429386215 0.329636486368
100208 1 0.577203917607 0.226929934011 0.774440568894 0.443592334479 0.863852833044
100209 1 0.394403067161 0.603142779384 0.412063339135 0.277885132339 0.284521017787
100210 0 0.427417920579 0.534631151085 0.525409007284 0.295472645675 0.354158878272
100211 0 0.323408073838 0.332850477186 0.501002842713 0.175574121975 0.284204853478
100212 1 0.368371604277 0.481651252605 0.319120281616 0.393929938531 0.278784944354
100213 0 0.303417654513 0.258277902746 0.356781519798 0.320443123939 0.278168071567
100214 0 0.247531642608 0.188116349149 0.240962511418 0.306310854595 0.254736855269
100215 1 0.777887375628 0.787511923175 0.80941626514 0.739726821108 0.77489449309
100216 0 0.280759291437 0.397533395259 0.232652595739 0.203930901854 0.288920272894
100217 1 0.324001594264 0.341110499032 0.306133595672 0.314595645383 0.334166636968
100218 1 0.491379589695 0.602498819833 0.469910264174 0.507856003988 0.385253270785
100219 1 0.389707705552 0.486331729226 0.239962800185 0.353161389004 0.479374903794
100220 0 0.285512746549 0.350932318209 0.201552112733 0.394593861531 0.194972693722
100221 0 0.310317645245 0.161987278072 0.369135237467 0.434843347195 0.275304718248
100222 1 0.454065435589 0.466654453291 0.488596857292 0.552152247415 0.308858184358
100223 1 0.333199838837 0.211959514786 0.390097226803 0.437940088973 0.292802524788
100224 0 0.365341902331 0.32789252213 0.455313746791 0.363468184206 0.314693156199
100225 0 0.216996441631 0.154107022245 0.191108757898 0.118689897473 0.404080088908
100226 1 0.396825425651 0.440557592002 0.359282178707 0.441253497071 0.346208434824
100227 1 0.29704060467 0.352573892802 0.332120113623 0.186444876999 0.317023535256
100228 1 0.407608794748 0.358333331142 0.535266952183 0.324399603257 0.412435292409
100229 0 0.315765670413 0.359092108057 0.269006626312 0.278762188834 0.356201758448
100230 1 0.459025257375 0.459059362622 0.57326313663 0.404863074967 0.398915455283
100231 1 0.397946643931 0.43474108472 0.482962669066 0.341351827178 0.332730994759
100232 1 0.316366097118 0.301776288673 0.260577586017 0.3672030068 0.335907506983
100233 0 0.339357704824 0.275666293475 0.449847076672 0.331839975403 0.300077473745
100234 0 0.478545209696 0.451881193182 0.519406597855 0.412737422052 0.530155625693
100235 1 0.989248626243 0.985633449518 0.988631296182 0.989633777464 0.993095981809
100236 0 0.499146639908 0.508698228698 0.607191487246 0.480956953432 0.399739890255
100237 0 0.369399565082 0.42431097684 0.298498227045 0.362558984997 0.392230071444
100238 1 0.585491235307 0.6818475506 0.693378164844 0.500378066777 0.466361159007
100239 0 0.242497127638 0.206497774699 0.327329310146 0.143012453784 0.293148971924
100240 1 0.698605854818 0.677980674995 0.723781050355 0.759214687407 0.633447006515
100241 0 0.197113004294 0.181486429955 0.39852884725 0.0698108943906 0.138625845579
100242 0 0.314710402327 0.255290660639 0.315248631044 0.326800889601 0.361501428024
100243 1 0.26807262377 0.150093855356 0.281092150784 0.371975775661 0.269128713279
100244 0 0.343394454046 0.393388177054 0.322529682212 0.250212827074 0.407447129843
100245 1 0.393517486474 0.397169827959 0.55549184873 0.354592479753 0.266815789455
100246 0 0.260973854035 0.191157337889 0.253544525765 0.281160713762 0.318032838724
100247 0 0.34222222478 0.333972707019 0.451678996486 0.304483080442 0.278754115172
100248 0 0.21840070543 0.249735641094 0.116923528231 0.198580096845 0.308363555551
100249 1 0.450029932246 0.465589794979 0.441372847673 0.448174291054 0.444982795278
100250 1 0.35527907612 0.449009135205 0.290976339315 0.273835922561 0.407294907398
100251 1 0.370389559937 0.357955784817 0.574433351365 0.27619659743 0.272972506135
100252 0 0.472764189032 0.495640292859 0.575789816765 0.439905921838 0.379720724666
100253 0 0.330835715048 0.319804480627 0.40694970742 0.312581271675 0.284007400472
100254 0 0.428877634932 0.31919651016 0.656586142172 0.312730677309 0.426997210086
100255 0 0.278172472699 0.365602154883 0.268032263824 0.155946497798 0.323108974293
100256 1 0.383626704321 0.314585616399 0.508537180166 0.470540377511 0.240843643208
100257 0 0.393524404178 0.563998154034 0.367834411083 0.314918793466 0.327346258128
100258 1 0.987222727024 0.991384738258 0.981820303324 0.983468379871 0.992217486643
100259 1 0.498472247733 0.551483230853 0.349710971007 0.542154701811 0.550540087261
100260 0 0.418704165076 0.420973466345 0.451625386343 0.431513835146 0.370703972472
100261 0 0.466597453447 0.452716313899 0.503143768979 0.430451690728 0.480078040181
100262 1 0.605910982712 0.640506704294 0.668781111153 0.600493795333 0.513862320069
100263 1 0.33507100106 0.312816708272 0.315252986074 0.321949236297 0.390265073598
100264 1 0.275348711976 0.196911173484 0.203896940737 0.312497803196 0.388088930487
100265 0 0.382158881977 0.389417864608 0.349070904769 0.411275551527 0.378871207005
100266 1 0.431565659861 0.411870826306 0.62933579889 0.303019837337 0.382036176911
100267 0 0.434607318545 0.421036487952 0.501502025381 0.426927133691 0.388963627157
100268 1 0.494671639188 0.520370332239 0.476705338129 0.395650243512 0.585960642871
100269 1 0.400153206881 0.444407786238 0.47865022416 0.383038132678 0.294516684447
100270 0 0.249813454415 0.219832045826 0.269062499617 0.272949404961 0.237409867257
100271 0 0.324146169335 0.281468145133 0.485267351411 0.255287642673 0.274561538121
100272 1 0.362358952207 0.296111532867 0.463144181178 0.361902353157 0.328277741626
100273 1 0.28042085278 0.231019018829 0.190516351438 0.297711005528 0.402437035324
100274 1 0.472323384967 0.53118428421 0.435947761637 0.404793092859 0.517368401163
100275 1 0.236119691152 0.197026185528 0.187713607181 0.268893045015 0.290845926884
100276 1 0.924543408538 0.946434284836 0.900396837067 0.911886732787 0.939455779461
100277 0 0.264991812512 0.212943032951 0.279228396133 0.233857638875 0.333938182087
100278 0 0.453956461159 0.420242933363 0.438655064891 0.52316053352 0.43376731286
100279 1 0.296551670931 0.262695590927 0.420528653988 0.250611589789 0.252370849019
100280 0 0.442593130399 0.372567595046 0.538336719009 0.51931946078 0.34014874676
100281 1 0.34969894526 0.424035714984 0.247434926042 0.348686641136 0.378638498877
100282 0 0.463729317385 0.531722661747 0.449680388085 0.441837471466 0.431676748242
100283 0 0.296575048869 0.356460817953 0.306208304888 0.207326309214 0.316304763423
100284 0 0.317796168047 0.370785796965 0.360242316256 0.214748928853 0.325407630113
100285 0 0.315188901279 0.382584979271 0.35452756405 0.227620128677 0.296022933117
100286 1 0.546302309029 0.586899206084 0.541392839213 0.53168014374 0.525237047078
100287 1 0.5094587221 0.651257085294 0.660279638242 0.392824206726 0.333473958137
100288 1 0.960584054151 0.958203805038 0.964487268033 0.953479449759 0.966165693774
100289 0 0.396830438233 0.342300904675 0.428431254932 0.344275396701 0.472314196624
100290 1 0.77983042232 0.846609302478 0.750780548882 0.82820834333 0.693723494588
100291 1 0.407702806993 0.422566268143 0.544252180946 0.407466835119 0.256525943765
100292 1 0.330181030265 0.285783926256 0.409633730727 0.189596010144 0.435710453933
100293 1 0.396098276069 0.274902338127 0.501006765124 0.355119762903 0.453364238121
100294 0 0.278265756676 0.212479853733 0.351560208839 0.249806996022 0.299215968108
100295 1 0.462543298783 0.376966092156 0.654460993248 0.405015605565 0.413730504164
100296 1 0.440899441103 0.387835658211 0.59578989124 0.458180248141 0.321791966822
100297 0 0.315164944237 0.351570213796 0.331118680516 0.268821347212 0.309149535424
100298 0 0.458406076457 0.504529541615 0.3951365786 0.538616819853 0.395341365761
100299 0 0.395149333833 0.373755971891 0.36046199676 0.505200350805 0.341179015877
100300 1 0.428363901524 0.374697239501 0.488337371697 0.313216364525 0.537204630372
100301 1 0.38715078671 0.418492086458 0.276268178655 0.541907351036 0.311935530691
100302 0 0.427604455376 0.39534352129 0.49175593912 0.496465145724 0.326853215368
100303 0 0.279027224677 0.321884351067 0.281352114129 0.226132015565 0.286740417948
100304 1 0.451534334406 0.464006869007 0.490505068881 0.373917440297 0.477707959439
100305 0 0.306683363074 0.255557107809 0.315848238113 0.272266566669 0.383061539703
100306 0 0.322692846267 0.312754130137 0.266526384926 0.456974194548 0.254516675458
100307 0 0.313175114364 0.36017576448 0.394906155266 0.206382886735 0.291235650976
100308 0 0.256472652359 0.195953907872 0.296663984809 0.301273692742 0.231999024014
100309 1 0.416228071882 0.369577318073 0.400466731614 0.441051169594 0.453817068247
100310 0 0.345059972026 0.359691025286 0.376168488416 0.316814260057 0.327566114347
100311 1 0.336589632937 0.418737234833 0.314510576338 0.368454507022 0.244656213556
100312 0 0.27836161333 0.348328162064 0.213890260225 0.280781546993 0.270446484038
100313 1 0.539335601354 0.594595908973 0.658297771333 0.598758881701 0.305689843408
100314 1 0.613500692208 0.52338313421 0.8076382071 0.555362664248 0.567618763275
100315 0 0.361488912941 0.301679177444 0.471153032696 0.404980017698 0.268143423925
100316 1 0.197454690443 0.211659796346 0.183216890567 0.210051289396 0.184890785462
100317 1 0.992305035173 0.994039303854 0.991425751222 0.987020063557 0.996735022061
100318 1 0.602193412191 0.606020513462 0.45667540123 0.698633832011 0.647443902061
100319 1 0.479736170895 0.35348266817 0.394252912439 0.536377530146 0.634831572826
100320 0 0.272278859795 0.15457770358 0.459886516957 0.145728723289 0.328922495355
100321 1 0.345115131216 0.275789283051 0.447907950756 0.331106381577 0.32565690948
100322 1 0.26149729493 0.398996198389 0.186053613549 0.26110962568 0.199829742102
100323 0 0.317228425294 0.436143374848 0.299791906192 0.242699823004 0.29027859713
100324 0 0.306674326321 0.300694252022 0.389507252024 0.223094599141 0.313401202096
100325 1 0.415504549634 0.394553268721 0.519343641202 0.332193377845 0.415927910767
100326 1 0.457653086655 0.416345603984 0.328418465351 0.378299350385 0.7075489269
100327 1 0.410719584672 0.430959497609 0.439475396217 0.460239160665 0.312204284196
100328 1 0.635305452522 0.555465935027 0.741869643778 0.738460339954 0.50542589133
100329 0 0.3061718401 0.268989721584 0.283142411023 0.356101132727 0.316454095068
100330 1 0.418661530807 0.461362523375 0.382888481695 0.396893979064 0.433501139094
100331 1 0.433783712359 0.403654960988 0.391866523781 0.433864163395 0.505749201274
100332 1 0.480103184679 0.49332707196 0.506025047049 0.508706826209 0.4123537935
100333 0 0.259612283645 0.328405155458 0.290844732324 0.231450074321 0.187749172475
100334 0 0.555306783734 0.51496220239 0.751473005084 0.492637353238 0.462154574226
100335 0 0.441355072339 0.562708452126 0.536039556471 0.375209142677 0.291463138082
100336 0 0.299349222419 0.252890736329 0.224175868208 0.374805294445 0.345524990695
100337 1 0.338213640674 0.396632592633 0.499066297237 0.350489275148 0.106666397677
100338 0 0.434482151179 0.309525248535 0.545696753633 0.278635731344 0.604070871202
100339 0 0.278074537274 0.263364056969 0.280817774977 0.373374849195 0.194741467956
100340 0 0.249435000994 0.302810563599 0.207580952988 0.238862630219 0.248485857171
100341 1 0.62445336526 0.604618706997 0.604916789601 0.629944205268 0.658333759174
100342 0 0.305803508068 0.267367159074 0.347713979942 0.296692979636 0.311439913619
100343 1 0.263273449258 0.267362759224 0.299843434207 0.169946896295 0.315940707307
100344 0 0.409743920943 0.421210829783 0.398011594063 0.35709109174 0.462662168186
100345 0 0.287727404482 0.22837469622 0.454208936006 0.22432346532 0.244002520381
100346 0 0.286537220975 0.227263471756 0.334197812226 0.318697194478 0.265990405442
100347 0 0.537327592727 0.490788505848 0.625783583123 0.527876762734 0.504861519205
100348 0 0.334853418161 0.274793369883 0.426900683996 0.447391940678 0.190327678087
100349 0 0.32212830688 0.297617212996 0.350438867514 0.368143483837 0.272313663175
100350 0 0.329959162325 0.274803247289 0.377352974823 0.244106867039 0.423573560147
100351 0 0.324910343603 0.371284037532 0.347365996357 0.282730092717 0.298261247804
100352 0 0.321547568018 0.407252938342 0.316840870438 0.369186964391 0.192909498899
100353 0 0.279556947769 0.207162011464 0.373930437988 0.252003033842 0.285132307783
100354 0 0.41717554677 0.525595150754 0.421020602333 0.300355543786 0.421730890206
100355 0 0.253610894946 0.306537603653 0.222585990213 0.279234803166 0.206085182751
100356 0 0.260330923223 0.232880884792 0.271778394589 0.249908023486 0.286756390023
100357 0 0.364970909322 0.34489415603 0.361837985711 0.361483473786 0.39166802176
100358 0 0.544594190238 0.521986800122 0.550143999124 0.608098015634 0.498147946072
100359 0 0.463501165745 0.37420615682 0.543879190734 0.448186517127 0.487732798299
100360 0 0.350730895222 0.458490776629 0.308289451148 0.425770022493 0.210373330616
100361 0 0.45991013071 0.434735720961 0.568709907219 0.323459133454 0.512735761204
100362 0 0.385639201776 0.438698945944 0.347606565866 0.461176742107 0.295074553186
100363 0 0.294863683461 0.300585481703 0.490236064256 0.133750441301 0.254882746584
100364 0 0.372401814008 0.309793243613 0.377026449018 0.419424502403 0.383363060998
100365 0 0.187431393575 0.176361037462 0.234174269431 0.148089359867 0.19110090754
100366 1 0.440267166201 0.37527415289 0.551179764873 0.421660532421 0.41295421462
100367 0 0.180085374738 0.230911340634 0.186020126546 0.156432513054 0.146977518716
100368 1 0.501801815591 0.510697408256 0.65695149754 0.501546995482 0.338011361087
100369 1 0.550186558606 0.497043871464 0.563594564567 0.588867008395 0.551240789999
100370 1 0.558026887486 0.427564867452 0.605457848744 0.515913849802 0.683170983947
100371 0 0.348855455756 0.348455518382 0.318341531236 0.371961566448 0.356663206958
100372 0 0.321127827966 0.372438207518 0.325564322155 0.330823241539 0.255685540652
100373 0 0.295082503911 0.324629953548 0.224563266038 0.245128498379 0.386008297678
100374 0 0.362701249487 0.472733988285 0.385276080713 0.275497285759 0.317297643191
100375 0 0.253087100486 0.305039479256 0.240096118716 0.260431595417 0.206781208556
100376 0 0.226467101907 0.311107437384 0.172285330798 0.150113231876 0.272362407572
100377 1 0.631716705846 0.620022975115 0.701181304423 0.676042330831 0.529620213013
100378 0 0.258847430989 0.307099777075 0.185323968529 0.32809750395 0.214868474403
100379 0 0.36010839811 0.43279965813 0.322115772331 0.351327367648 0.334190794332
100380 1 0.455827161684 0.404851708939 0.568941440244 0.273914905202 0.575600592349
100381 1 0.996035524144 0.997390537695 0.992820098378 0.994894515982 0.99903694452
100382 1 0.369520843627 0.424050015141 0.44957903317 0.337693138215 0.266761187982
100383 0 0.365100515203 0.378844359241 0.241259874052 0.522214365476 0.318083462043
100384 1 0.378266161091 0.39603922196 0.423903915872 0.317070676506 0.376050830026
100385 0 0.469632277986 0.514752050431 0.444043189942 0.516190431133 0.403543440439
100386 0 0.312772922346 0.334469312969 0.345393668256 0.324380756237 0.246847951922
100387 0 0.381311194557 0.26245475983 0.350597354971 0.473125047388 0.43906761604
100388 1 0.484056396151 0.395333736507 0.422857566913 0.53292479453 0.585109486654
100389 0 0.403559454665 0.406765939449 0.232060043648 0.408848110586 0.566563724977
100390 1 0.231422550067 0.245482231443 0.0954956370095 0.304148913314 0.280563418503
100391 1 0.431521594379 0.522690492463 0.478786193078 0.311370585189 0.413239106787
100392 0 0.332944110786 0.420396298009 0.272439781829 0.386924104092 0.252016259216
100393 1 0.349649393629 0.336765807614 0.374657757276 0.365726386368 0.321447623256
100394 1 0.532824731575 0.596199403726 0.533447749377 0.546215032411 0.455436740785
100395 1 0.310226075683 0.273029932888 0.345916709076 0.327843098816 0.294114561951
100396 1 0.380199062803 0.435302120356 0.46867113459 0.256765205368 0.360057790897
100397 0 0.310295689574 0.344844468833 0.271792816206 0.277451208709 0.347094264546
100398 0 0.501015113764 0.483375591305 0.55924798348 0.525133444787 0.436303435482
100399 1 0.997701351064 0.994348115723 0.999449426001 0.997951309284 0.99905655325
100400 0 0.367560573028 0.356954216445 0.339244408811 0.320866313725 0.45317735313
100401 1 0.583955617953 0.636118812655 0.679633667475 0.432735681733 0.58733430995
100402 1 0.494873072145 0.358337026169 0.754747864807 0.225386136142 0.641021261464
100403 1 0.86960268572 0.785286139447 0.940197383635 0.820951435674 0.931975784126
100404 1 0.864563372956 0.889141736489 0.898353749547 0.849599660372 0.821158345418
100405 1 0.589592195941 0.570976552381 0.715097848278 0.535184166447 0.537110216659
100406 0 0.368344334647 0.350222770458 0.432431780928 0.42394263755 0.266780149651
100407 1 0.241463842003 0.254297906531 0.213769542359 0.173201863478 0.324586055644
100408 0 0.360322914125 0.378646294891 0.406088031351 0.383581231166 0.272976099091
100409 0 0.384213038744 0.257454416697 0.480687340544 0.402090904881 0.396619492855
100410 0 0.277984348138 0.286652186722 0.19390080973 0.274528171446 0.356856224654
100411 0 0.37772544439 0.379814681722 0.422316402346 0.282655465849 0.426115227642
100412 1 0.533942683025 0.482474186424 0.558277489018 0.617981022056 0.477038034604
100413 1 0.951720694195 0.974735558331 0.929732434774 0.968074596283 0.93434018739
100414 1 0.347488224504 0.217445308427 0.48041366356 0.22527738832 0.466816537708
100415 1 0.317920560718 0.378054565798 0.324180825138 0.296863384098 0.272583467839
100416 0 0.412723704658 0.336709687335 0.378384622483 0.581825815416 0.353974693397
100417 0 0.49429791601 0.520979500139 0.54569955016 0.425658822383 0.484853791359
100418 0 0.463594440552 0.507599048986 0.432689933252 0.469992634766 0.444096145205
100419 0 0.278166911954 0.213374281007 0.259542864967 0.33873070418 0.30101979766
100420 0 0.28485147192 0.301597100572 0.347297149924 0.224075886296 0.26643575089
100421 1 0.58571818333 0.478534563379 0.718948222534 0.559426814009 0.585963133398
100422 1 0.39076460265 0.467912990002 0.441831861222 0.282807515507 0.370506043867
100423 1 0.457959536051 0.439171162064 0.373166412374 0.510243017174 0.509257552591
100424 0 0.351005010889 0.451292613888 0.416537749969 0.270355274816 0.265834404883
100425 0 0.362459252114 0.500623844227 0.271269247033 0.339532951551 0.338410965645
100426 1 0.426453872123 0.212868254778 0.760558942633 0.312788891013 0.419599400067
100427 1 0.509291806525 0.552170529074 0.427720307273 0.483522782153 0.573753607599
100428 0 0.306646009464 0.306945042405 0.29397722438 0.306731168462 0.318930602609
100429 0 0.283751619874 0.160491279714 0.443991200607 0.281878032033 0.248645967142
100430 1 0.901576410864 0.935683166329 0.874061129097 0.937526121174 0.859035226855
100431 1 0.490183508096 0.227660358032 0.429382409763 0.402203894477 0.90148737011
100432 0 0.294384445585 0.184925420388 0.18381650805 0.201335527106 0.607460326795
100433 1 0.609991441249 0.580015178244 0.658930706181 0.625243189279 0.575776691294
100434 1 0.451132084837 0.562728648951 0.465951450943 0.381412933043 0.394435306412
100435 1 0.254089430049 0.18561371669 0.278153528669 0.0608335818538 0.491756892982
100436 0 0.498193256065 0.56941332433 0.566013057974 0.468663644379 0.388682997576
100437 0 0.3083896373 0.254305923651 0.438942073708 0.213940580245 0.326369971594
100438 1 0.355033756217 0.330050205367 0.435547894815 0.366495831345 0.288041093339
100439 1 0.89768834061 0.941099248034 0.914280060252 0.931675892537 0.803698161618
100440 0 0.258398657821 0.271181579181 0.17560466601 0.229091498032 0.357716888062
100441 0 0.503437848912 0.573440916612 0.57137984888 0.354039377659 0.514891252495
100442 0 0.626458649712 0.604665630202 0.515828300653 0.661405902964 0.723934765031
100443 1 0.225666787487 0.137737250217 0.189603603593 0.253383290946 0.321943005191
100444 1 0.560008059459 0.421291186009 0.541380239588 0.510012000217 0.767348812021
100445 0 0.307286223993 0.382271520486 0.273902193525 0.288319040635 0.284652141326
100446 1 0.403773141953 0.558904813546 0.327608805678 0.285687595376 0.442891353214
100447 0 0.314629861117 0.286122757286 0.39923968556 0.24166262742 0.331494374203
100448 0 0.346463371955 0.343633999299 0.379769750983 0.296560438097 0.36588929944
100449 0 0.340760732776 0.217110931522 0.368931836114 0.350740499554 0.426259663914
100450 1 0.592242782586 0.574732650472 0.703464075507 0.567124206228 0.523650198139
100451 0 0.308328021702 0.294795334513 0.341880145331 0.273018449624 0.323618157339
100452 0 0.294591522473 0.243676547909 0.326633793565 0.322078899257 0.28597684916
100453 1 0.492804078212 0.361457164215 0.551549327633 0.514615400376 0.543594420624
100454 0 0.489599094297 0.470923214629 0.62959088861 0.422406882121 0.435475391828
100455 0 0.416616195251 0.510534954446 0.464246000092 0.327875537048 0.363808289419
100456 1 0.270551374814 0.200882800368 0.276464936009 0.271574322615 0.333283440265
100457 0 0.388968520168 0.324179827071 0.492973494344 0.414093822967 0.324626936291
100458 0 0.26442080101 0.283765625739 0.335120885862 0.212419352374 0.226377340064
100459 0 0.33136545774 0.314808450935 0.387587276171 0.333565053576 0.289501050279
100460 0 0.430837664148 0.255564196323 0.594057841038 0.473587658947 0.400140960284
100461 0 0.421499260667 0.346561616393 0.372682400909 0.380683827193 0.586069198171
100462 0 0.408141243551 0.470667227943 0.398202035884 0.386653050155 0.377042660224
100463 0 0.318645809898 0.388721941714 0.26278207735 0.244164390237 0.378914830292
100464 0 0.275721964282 0.294055988294 0.211934198438 0.254412613996 0.342485056399
100465 0 0.248802838229 0.274194112139 0.2486301905 0.241294014389 0.231093035888
100466 0 0.38840753823 0.340460926077 0.483360023191 0.437544968707 0.292264234946
100467 1 0.453912800463 0.357616085436 0.503795810215 0.420383111506 0.533856194694
100468 0 0.236273290984 0.271677691104 0.220187518872 0.194366449008 0.258861504951
100469 1 0.410787775457 0.421386534363 0.433018044146 0.375117211571 0.413629311747
100470 1 0.515079841061 0.429944823337 0.472226823778 0.379431612737 0.778716104391
100471 0 0.338862719736 0.325792472926 0.349884019071 0.339261334052 0.340513052895
100472 0 0.351055944046 0.33766201338 0.363202114062 0.491171079008 0.212188569735
100473 0 0.390897136473 0.401278049577 0.409186740977 0.310704194376 0.442419560964
100474 0 0.317575908749 0.304139984862 0.418126462056 0.259389891665 0.288647296415
100475 0 0.21697524461 0.218142823018 0.288371120694 0.172201920395 0.189185114335
100476 0 0.358974060397 0.397365667998 0.386211578395 0.276504801005 0.375814194189
100477 0 0.36847987087 0.40952371818 0.449825460609 0.285817155947 0.328753148744
100478 0 0.281497510565 0.36073966692 0.233192262476 0.324485610274 0.207572502589
100479 0 0.418138399891 0.448638252541 0.427273226417 0.420825137302 0.375816983304
100480 1 0.608722579161 0.650384241594 0.674823542592 0.476594435097 0.633088097363
100481 0 0.290318041366 0.315010536227 0.285675343825 0.204486608388 0.356099677025
100482 1 0.989821940117 0.987140505657 0.991912849153 0.991265141986 0.988969263672
100483 1 0.529378789858 0.541610478971 0.636403221426 0.370522800731 0.568978658304
100484 1 0.406015188605 0.476087412051 0.321963563172 0.515125606806 0.31088417239
100485 0 0.230765351776 0.228160572597 0.286862800185 0.201131334555 0.206906699767
100486 0 0.378944851777 0.381031538819 0.394487504487 0.285608149153 0.454652214648
100487 0 0.37120923886 0.272510235304 0.476873371287 0.351803814935 0.383649533913
100488 0 0.25078637064 0.302491403024 0.241033260494 0.243825240136 0.215795578906
100489 0 0.440722292302 0.386393668698 0.593053480591 0.347259286027 0.43618273389
100490 1 0.766510316666 0.823843268169 0.695698438027 0.734476471275 0.812023089195
100491 1 0.294678484125 0.352682276603 0.177614434292 0.335904716368 0.312512509235
100492 0 0.296444313279 0.152780064118 0.255003699943 0.397643334659 0.380350154395
100493 0 0.352039393195 0.342073701773 0.383032939317 0.350780981704 0.332269949986
100494 0 0.414019842099 0.39596606724 0.391400455372 0.490145281482 0.378567564301
100495 1 0.450342816131 0.13711874858 0.322446462589 0.463500228443 0.878305824914
100496 1 0.579707984844 0.590537807755 0.572528181311 0.619383919242 0.536382031068
100497 0 0.30342348152 0.265528115861 0.247196725037 0.343072181587 0.357896903595
100498 1 0.65962333272 0.709032222402 0.634674473993 0.593690118997 0.701096515488
100499 0 0.348710811481 0.327864942734 0.357955295803 0.344762473106 0.364260534281
100500 0 0.271693401926 0.28946709339 0.278848765892 0.234908507234 0.283549241188
100501 0 0.53885996358 0.601270110956 0.466547581945 0.511585073995 0.576037087423
100502 1 0.490202251213 0.618861562641 0.439301487509 0.627054410183 0.27559154452
100503 1 0.900827526923 0.846895942508 0.966229501918 0.806733237051 0.983451426217
100504 0 0.427891587759 0.380445438487 0.642008532061 0.431154411884 0.257957968603
100505 1 0.558215699198 0.593470661374 0.575040401614 0.527290890771 0.537060843031
100506 0 0.308911427985 0.326732495333 0.357428412832 0.202108054645 0.349376749132
100507 0 0.200834202126 0.262781624847 0.198537818645 0.159025380112 0.182991984902
100508 0 0.385602068379 0.389474838934 0.432185059177 0.300069085495 0.420679289911
100509 0 0.353960023496 0.204520332908 0.480865741214 0.394095963328 0.336358056535
100510 1 0.474275606752 0.349262346479 0.532748543308 0.469785613073 0.545305924149
100511 0 0.353893869445 0.358755565239 0.347288640877 0.294975045282 0.41455622638
100512 0 0.39746702621 0.424907043596 0.297790868473 0.477521166426 0.389649026344
100513 1 0.292807819246 0.330112467098 0.239952740426 0.358338462868 0.242827606593
100514 1 0.425764995122 0.482505415864 0.439151662084 0.43472413981 0.34667876273
100515 0 0.457527816627 0.364708478768 0.445908016536 0.64694160588 0.372553165325
100516 1 0.412723899598 0.447655910016 0.506414069266 0.268649492677 0.428176126432
100517 0 0.353611650525 0.303002691959 0.365167980765 0.304906082274 0.441369847103
100518 0 0.399100511002 0.290308943995 0.434228457437 0.480938433846 0.390926208728
100519 0 0.478463605194 0.557306658008 0.579989437118 0.471587865664 0.304970459984
100520 1 0.621917894982 0.733495751731 0.519190226846 0.590487573435 0.644498027917
100521 1 0.537565434708 0.653429969798 0.549408901419 0.471046899127 0.476375968487
100522 0 0.39401377625 0.428293003281 0.447273489732 0.366008492824 0.334480119161
100523 1 0.823682476867 0.899490752586 0.793858061567 0.844654911399 0.756726181914
100524 0 0.465914884998 0.43595999911 0.50620666713 0.61045370396 0.311039169792
100525 1 0.602837679121 0.722747083594 0.531336163352 0.546874878077 0.610392591461
100526 0 0.470203179988 0.3426705533 0.563230372153 0.527790193629 0.44712160087
100527 1 0.282710957913 0.317530195474 0.193529292409 0.405465048177 0.214319295593
100528 0 0.606630456102 0.651832300716 0.642088337597 0.639708890044 0.492892296053
100529 1 0.599041295619 0.7313133109 0.586615704717 0.524295138894 0.553941027966
100530 0 0.293923783338 0.364764202856 0.218706046339 0.312734347261 0.279490536896
100531 1 0.423355909318 0.456083093265 0.423179077909 0.437773905753 0.376387560347
100532 1 0.446136977323 0.585517611138 0.334325300429 0.358494437817 0.506210559909
100533 1 0.434408241992 0.37156067129 0.61971272646 0.276612615611 0.469746954606
100534 1 0.291215286037 0.311915093343 0.214348812998 0.355430849624 0.283166388182
100535 0 0.366314219914 0.390530362745 0.323859391746 0.470110250737 0.280756874429
100536 0 0.326302371097 0.353690890359 0.326485159654 0.344746442095 0.280286992281
100537 1 0.345965218757 0.419758503567 0.387983744831 0.282193749905 0.293924876724
100538 0 0.221923076207 0.158931725615 0.232039456926 0.240763281613 0.255957840675
100539 0 0.221561080096 0.269645818134 0.201457713322 0.237458332165 0.177682456762
100540 1 0.40283332541 0.401172070165 0.3470882911 0.399726571168 0.463346369205
100541 0 0.285146361875 0.317706163761 0.211073995616 0.381097524592 0.230707763531
100542 0 0.334810632685 0.396972835506 0.232189259893 0.43973624741 0.270344187931
100543 0 0.28497859354 0.253568347644 0.276454726722 0.325689158305 0.284202141489
100544 0 0.424843573259 0.50897668709 0.387131736434 0.413556877029 0.389708992482
100545 1 0.414514529096 0.558999436919 0.429860850191 0.355385830377 0.313811998896
100546 1 0.376996115187 0.424736616115 0.447543090114 0.331965158299 0.303739596221
100547 1 0.281347219483 0.292331207071 0.339371095011 0.203112564588 0.29057401126
100548 1 0.249349433206 0.207245850513 0.228749229489 0.328927892402 0.23247476042
100549 1 0.505947624575 0.381889066036 0.706727103897 0.348333675568 0.586840652797
100550 1 0.241432824825 0.197905416653 0.191881451996 0.28789009731 0.288054333341
100551 0 0.323104966203 0.285883537465 0.379672249778 0.353894696404 0.272969381166
100552 0 0.365868885028 0.339276193037 0.434588382193 0.36085815589 0.32875280899
100553 1 0.856070794297 0.817964021596 0.916521715701 0.809695300616 0.880102139273
100554 0 0.241771177707 0.296816387505 0.223763086788 0.271324252014 0.17518098452
100555 0 0.37491049618 0.419039454646 0.38487022352 0.397963779369 0.297768527183
100556 0 0.391117578409 0.602427398064 0.434931503634 0.340121829467 0.18698958247
100557 1 0.461048421103 0.336220967844 0.398396771123 0.603613108136 0.505962837309
100558 0 0.214849355152 0.283560841099 0.148131677622 0.27543972683 0.152265175057
100559 0 0.373309238476 0.362911285114 0.39166981801 0.305751923188 0.432903927593
100560 0 0.285126766569 0.283115392372 0.292615222881 0.233318955163 0.331457495858
100561 0 0.246068198506 0.191784227809 0.263847523983 0.265551202004 0.263089840227
100562 0 0.347552210006 0.351210585341 0.260295725561 0.428190605156 0.350511923965
100563 1 0.731444333936 0.739016639808 0.615487677548 0.860690644266 0.71058237412
100564 0 0.335970385945 0.399115794909 0.385140714154 0.279430980296 0.280194054419
100565 0 0.398814722198 0.412306598117 0.40450008495 0.462490529777 0.31596167595
100566 1 0.555082862834 0.601365131887 0.428676972635 0.615768772359 0.574520574456
100567 0 0.48277859263 0.55936810389 0.542726561461 0.391258168891 0.43776153628
100568 0 0.21027142383 0.179582132921 0.193012461253 0.275724430148 0.192766670999
100569 0 0.2806797809 0.319563217744 0.275809002666 0.305081742617 0.222265160573
100570 1 0.423619629184 0.628964139565 0.348861780284 0.333006416942 0.383646179945
100571 0 0.440575804077 0.409171784419 0.455662121351 0.472149730775 0.425319579764
100572 1 0.319941363958 0.448766363412 0.344375518847 0.216501560133 0.27012201344
100573 1 0.420956249738 0.352999605656 0.483994565335 0.479068161381 0.36776266658
100574 1 0.425353943917 0.519516942871 0.441905337357 0.436602860389 0.303390635051
100575 0 0.258573064731 0.223422248604 0.238368729276 0.242912512616 0.329588768426
100576 1 0.915285693798 0.886049396369 0.917317112559 0.919349149058 0.938427117207
100577 0 0.190592545303 0.0995614153277 0.196667478665 0.133689373428 0.33245191379
100578 1 0.446288311196 0.504272446301 0.457636012629 0.538460802309 0.284783983544
100579 0 0.236103675803 0.214215571671 0.289893183369 0.226379374774 0.213926573398
100580 1 0.689554086673 0.61451459824 0.764429369936 0.583773138128 0.795499240389
100581 0 0.293745720026 0.278613670827 0.269748248332 0.32507665188 0.301544309066
100582 0 0.227973942222 0.157914773017 0.291511857093 0.237245655973 0.225223482804
100583 1 0.632273792656 0.699419759026 0.62659471383 0.595842015474 0.607238682293
100584 1 0.665674828115 0.822955624655 0.747065210415 0.433636430062 0.659042047328
100585 0 0.381505475068 0.394959077436 0.472303312429 0.340609879343 0.318149631063
100586 0 0.314982083327 0.334883539124 0.323620212645 0.345299981264 0.256124600277
100587 0 0.417948302328 0.466869800944 0.514413488684 0.404215295509 0.286294624176
100588 0 0.64132173839 0.572339154296 0.544669165589 0.778682741555 0.669595892118
100589 1 0.451904639635 0.453335829612 0.55857053595 0.449635354997 0.346076837983
100590 1 0.446191064806 0.370508751976 0.606680570088 0.460408677867 0.347166259293
100591 0 0.282834532654 0.194510520068 0.301761717823 0.271939982388 0.363125910339
100592 1 0.538789702956 0.536628776101 0.546331774345 0.596113606086 0.476084655293
100593 0 0.380831240124 0.200163201435 0.576499616497 0.406464852555 0.340197290008
100594 0 0.420396629932 0.480413913106 0.286635192824 0.48064770575 0.43388970805
100595 1 0.433632126174 0.496519421844 0.460058631278 0.331828876245 0.446121575329
100596 1 0.392737276523 0.399639860849 0.421826042833 0.397567539948 0.351915662462
100597 0 0.353047485525 0.284808530963 0.364016266034 0.412306598117 0.351058546986
100598 0 0.448218392109 0.346010065423 0.436743077128 0.574693209034 0.43542721685
100599 0 0.502756045821 0.627613686623 0.385028018307 0.444572144573 0.55381033378
100600 1 0.396378016234 0.312669776592 0.449086951993 0.411559242398 0.412196093955
100601 0 0.349963222528 0.345375311496 0.343160597029 0.329339978699 0.381977002888
100602 1 0.300457672152 0.348598406336 0.233438250622 0.387482569263 0.232311462388
100603 0 0.609005468327 0.505414955692 0.686760523302 0.692693296926 0.551153097389
100604 1 0.436024002674 0.41358117689 0.495806121179 0.402886729059 0.431821983568
100605 0 0.338452384384 0.352565187918 0.367262238137 0.249542316952 0.384439794531
100606 0 0.452616139126 0.402388494875 0.554064096566 0.384800168883 0.469211796182
100607 1 0.326528222029 0.323880056439 0.350264000328 0.327675291751 0.304293539599
100608 0 0.382509587793 0.358335336074 0.75480242884 0.269632036326 0.147268549933
100609 0 0.335029996622 0.396696553449 0.261000711668 0.268564423787 0.413858297586
100610 1 0.496576737443 0.636542112901 0.33580400263 0.733183496452 0.28077733779
100611 0 0.427015441461 0.386394730208 0.598010720794 0.350398222066 0.373258092774
100612 1 0.560104523082 0.520965054 0.466050366016 0.794442076492 0.45896059582
100613 1 0.27474823292 0.232355140351 0.281332463472 0.318469215271 0.266836112585
100614 0 0.308891923126 0.246430754439 0.42470343444 0.208747859676 0.355685643949
100615 0 0.264556656992 0.27377033517 0.232081333532 0.330204408839 0.222170550428
100616 0 0.431395107192 0.470900722376 0.497903936539 0.339984898427 0.416790871428
100617 1 0.390060417811 0.475303917621 0.262306100343 0.430161494218 0.392470159061
100618 1 0.348444640531 0.379437317708 0.349244587613 0.323371454273 0.341725202531
100619 1 0.463801900257 0.400484189175 0.50694440176 0.537228098104 0.410550911987
100620 1 0.434155612635 0.416140100226 0.505231440836 0.476072651361 0.339178258116
100621 0 0.333699046689 0.233954715637 0.295655853213 0.324902657731 0.480282960175
100622 0 0.353528272298 0.37621789643 0.379161150044 0.257785784149 0.400948258569
100623 1 0.338643038018 0.295214124727 0.48283709862 0.283458239086 0.293062689638
100624 0 0.342677572232 0.382231794964 0.336420761707 0.393919601462 0.258138130794
100625 0 0.297411537188 0.373005182419 0.287308791293 0.258576867597 0.270755307445
100626 1 0.776577907751 0.710660456915 0.899385419702 0.657405656895 0.838860097492
100627 0 0.424808463862 0.386670828191 0.379618528966 0.541098217067 0.391846281226
100628 0 0.31452994589 0.423001070684 0.272046169496 0.271096462211 0.29197608117
100629 0 0.407811511804 0.370461178506 0.431997323592 0.417731430312 0.411056114805
100630 0 0.278761631469 0.335490659229 0.288464056892 0.185952747482 0.305139062273
100631 1 0.333705824139 0.297068844892 0.519235409097 0.264050606179 0.254468436388
100632 0 0.321125006502 0.383843768694 0.267992354762 0.277970066688 0.354693835866
100633 1 0.933691233103 0.957025736725 0.89427092838 0.94890365307 0.934564614238
100634 1 0.42612341445 0.409766689807 0.561076781598 0.381524005524 0.352126180872
100635 0 0.412742354246 0.466429369865 0.342782466901 0.426363356921 0.415394223298
100636 1 0.452647222127 0.339237355624 0.68069669011 0.396327800637 0.394327042139
100637 1 0.304693610915 0.260031095095 0.3072623751 0.307717161939 0.343763811527
100638 0 0.244162126358 0.311503313585 0.196798987278 0.251007405089 0.217338799478
100639 0 0.249929463346 0.235978482628 0.237802743984 0.25308558062 0.272851046151
100640 0 0.367431257685 0.261106106861 0.53190189783 0.340538945198 0.336178080852
100641 1 0.512963510345 0.447021599817 0.531381636397 0.473050385265 0.600400419901
100642 1 0.595983006362 0.437612048922 0.722894223463 0.632366280016 0.591059473046
100643 0 0.417937881093 0.375539513928 0.544037963207 0.352156391018 0.400017656221
100644 1 0.536857294864 0.746704243497 0.429565001943 0.621047019799 0.350112914218
100645 0 0.608200383707 0.699842020173 0.633502048622 0.49869006774 0.600767398294
100646 0 0.310070542027 0.262062247084 0.339028727313 0.387513034228 0.251678159484
100647 0 0.221259053299 0.196786702808 0.181420624831 0.248599503464 0.258229382092
100648 0 0.316054966654 0.309197673781 0.350663505872 0.313500583023 0.290858103939
100649 0 0.402602763021 0.528953123389 0.388795621209 0.340229800802 0.352432506683
100650 1 0.479838690825 0.53179742501 0.516519087357 0.534291385433 0.3367468655
100651 0 0.39002949063 0.467476271856 0.306583588794 0.251703857462 0.534354244408
100652 0 0.296133114899 0.354694628701 0.234364873604 0.348085821199 0.24738713609
100653 1 0.50419125701 0.538842479575 0.532858678219 0.593834000745 0.351229869499
100654 0 0.40069740065 0.409609807834 0.456756223053 0.413453444462 0.322970127252
100655 0 0.40118994494 0.627722201436 0.244616302834 0.374697239501 0.357724035991
100656 1 0.344411311925 0.310944965792 0.32151895035 0.402761371639 0.342419959919
100657 0 0.294882971728 0.365869678856 0.421948732607 0.210529423209 0.181184052241
100658 0 0.370470313653 0.439383795107 0.392299343515 0.363938556604 0.286259559385
100659 1 0.32489239427 0.335842696807 0.333511365004 0.284573383014 0.345642132256
100660 0 0.441761028522 0.51498300133 0.450765568302 0.431335495422 0.369960049033
100661 1 0.378920369934 0.330679920056 0.439073045292 0.416918018551 0.329010495838
100662 0 0.316334505454 0.334332093856 0.221118061317 0.450802314267 0.259085552376
100663 1 0.203650073539 0.164984583067 0.238151700212 0.229238020649 0.182225990228
100664 0 0.344672070428 0.350516386527 0.275143224022 0.294424671526 0.458603999638
100665 1 0.74748711836 0.610281859571 0.872225339298 0.714330811217 0.793110463355
100666 1 0.27339532082 0.196183745589 0.145773328969 0.343417764065 0.408206444658
100667 0 0.427380845013 0.526684310223 0.266817795686 0.50099222332 0.415029050823
100668 1 0.535297969302 0.446062192979 0.631364417952 0.654989155516 0.408776110761
100669 0 0.345486700885 0.400832468124 0.256921990214 0.416986274199 0.307206071005
100670 1 0.360066946432 0.348034538103 0.335999860039 0.394888479278 0.361344908306
100671 1 0.43285943421 0.359830621445 0.55862548346 0.38219076266 0.430790869273
100672 1 0.362187765495 0.326346788264 0.432213652205 0.300074031879 0.390116589632
100673 0 0.361925311687 0.342241286841 0.384942293603 0.304543858153 0.41597380815
100674 1 0.464448468708 0.390862791722 0.585486762832 0.491416096233 0.390028224043
100675 1 0.415246682609 0.351759966925 0.587002528604 0.371791622725 0.350432612183
100676 0 0.233621436072 0.236181455522 0.215057416936 0.256544269841 0.22670260199
100677 0 0.452152753314 0.358337026169 0.406179995211 0.454645941297 0.589448050579
100678 1 0.437392274377 0.365707266789 0.431011028142 0.357508540348 0.595342262231
100679 1 0.399650888574 0.485667751189 0.280253966497 0.461121039763 0.371560796848
100680 0 0.420991980033 0.254316994914 0.626247286404 0.394749660669 0.408653978145
100681 1 0.380330741614 0.467416415686 0.29658582457 0.439848916419 0.31747180978
100682 0 0.346776707251 0.313272753744 0.377840832198 0.482315146992 0.213678096068
100683 0 0.225865497226 0.274527197441 0.196168437469 0.208078102921 0.224688251071
100684 1 0.366683147815 0.499693282838 0.434511820263 0.242929472567 0.289598015593
100685 0 0.499683591523 0.544691838696 0.567947202658 0.517101369238 0.3689939555
100686 0 0.320922062357 0.366841056997 0.336819854292 0.318103684971 0.261923653169
100687 1 0.416617725226 0.587926964411 0.398146403084 0.418777186845 0.261620346563
100688 1 0.504368512008 0.539911649585 0.420244808669 0.485401824853 0.571915764926
100689 0 0.604071871911 0.583998671365 0.506071946194 0.56751831793 0.758698552155
100690 1 0.465194955245 0.437274121963 0.628227278704 0.397441132145 0.397837288168
100691 0 0.239166034092 0.240652410198 0.370493743919 0.195638391794 0.149879590457
100692 0 0.268725542646 0.309762142694 0.229481462928 0.274097672211 0.261560892752
100693 0 0.364283902919 0.4157796823 0.437532856968 0.374697239501 0.229125832907
100694 1 0.387040634694 0.371734448536 0.48701459018 0.306141970582 0.383271529477
100695 0 0.324755883635 0.399181628977 0.273673402786 0.351561835032 0.274606667745
100696 1 0.494324126127 0.584682017053 0.512877542572 0.362676519124 0.517060425758
100697 1 0.48108513546 0.515918920226 0.547883570826 0.489185040731 0.371353010056
100698 1 0.310602365719 0.389568933031 0.320077955703 0.21841305503 0.314349519112
100699 1 0.420678826134 0.354746770084 0.421442350462 0.465386776693 0.441139407298
100700 0 0.501735084005 0.41184002345 0.484113956153 0.611045911678 0.49994044474
100701 1 0.255272501041 0.246683811655 0.343796701253 0.230558790883 0.200050700372
100702 0 0.271209088234 0.140545165215 0.282834380223 0.196926783536 0.46453002396
100703 1 0.483646900865 0.544379439545 0.446542473607 0.445760339128 0.497905351182
100704 1 0.376199432154 0.371196952632 0.333367839263 0.418861855244 0.381371081478
100705 0 0.296024153061 0.29782908456 0.270515752071 0.307454418177 0.308297357435
100706 0 0.353505849095 0.378809307858 0.411656786597 0.252074403636 0.371482898291
100707 1 0.453705514017 0.535257282884 0.306150980766 0.458918132016 0.514495660402
100708 1 0.38308717432 0.343331633383 0.49984105349 0.422997054596 0.266178955812
100709 0 0.403011475973 0.487281744512 0.494550888768 0.395438082667 0.234775187946
100710 0 0.367786410099 0.39218722412 0.401151830688 0.315498902875 0.362307682714
100711 1 0.436299464679 0.50053414664 0.422322537159 0.482898949027 0.33944222589
100712 1 0.493672225876 0.551676106546 0.447439160903 0.508082760389 0.467490875666
100713 1 0.431593471509 0.610097293884 0.308507139126 0.423605447546 0.38416400548
100714 1 0.499919934427 0.46515337324 0.449268053332 0.579475793176 0.505782517959
100715 0 0.428229654759 0.455172942765 0.4573066455 0.423012816127 0.377426214643
100716 1 0.544250888494 0.533247798471 0.575082592918 0.540655323614 0.528017838973
100717 0 0.422860650372 0.39876747586 0.462686577695 0.460234077083 0.369754470851
100718 0 0.203206257824 0.170756523058 0.225946328265 0.190571426513 0.225550753459
100719 0 0.337860970559 0.306189958768 0.287205367341 0.389449871041 0.368598685088
100720 0 0.418792439134 0.435860009042 0.634368751735 0.363962437906 0.240978557853
100721 0 0.264859078583 0.2487861516 0.202492456658 0.339412737107 0.268744968967
100722 1 0.567723860196 0.599248964908 0.533110004983 0.564602665744 0.57393380515
100723 0 0.40970617397 0.29520183329 0.543183911662 0.327800270928 0.472638679999
100724 0 0.492346497625 0.393699338203 0.59521253296 0.492573004907 0.48790111443
100725 0 0.367969605352 0.457481332706 0.272157894688 0.380228484177 0.362010709835
100726 1 0.358711985785 0.438865212436 0.299337422726 0.356379439365 0.340265868614
100727 0 0.396929122322 0.467406827741 0.451726605057 0.325798330019 0.342784726471
100728 1 0.85729549267 0.848254349223 0.916431009052 0.829719875537 0.83477673687
100729 0 0.472371502956 0.408568012494 0.616134347588 0.456813126227 0.407970525515
100730 0 0.45517846855 0.427633160597 0.521400006953 0.562226623451 0.309454083198
100731 1 0.380866000423 0.566584193274 0.332795366317 0.384235995893 0.23984844621
100732 0 0.325944250075 0.346015857904 0.247116376131 0.38257281215 0.328071954114
100733 1 0.798270895659 0.817259224947 0.775749792252 0.803670197437 0.796404368002
100734 1 0.440857081174 0.373179176622 0.504438513208 0.424478057037 0.461332577829
100735 0 0.535467933662 0.705482699535 0.618158172978 0.431149633151 0.387081228986
100736 1 0.470251049521 0.558930917997 0.385715707493 0.495759711352 0.44059786124
100737 0 0.337885851783 0.306366945808 0.424369331416 0.270128396407 0.350678733499
100738 1 0.267068150103 0.219713171029 0.226284202779 0.263145944997 0.359129281609
100739 0 0.40710746306 0.252496860127 0.569963865982 0.387760874981 0.41820825115
100740 1 0.528532482164 0.667561847742 0.433178238916 0.521706905699 0.491682936298
100741 0 0.275223786887 0.275532188088 0.326321375254 0.271063892718 0.227977691489
100742 1 0.425289655215 0.484545157086 0.393702620916 0.426668397155 0.396242445703
100743 1 0.291153721965 0.334456946395 0.179148824441 0.312127103881 0.338882013142
100744 1 0.319195868095 0.335750334613 0.362549166895 0.341569968336 0.236914002534
100745 0 0.325731339029 0.270695196547 0.371976725577 0.279296884798 0.380956549193
100746 1 0.317754947054 0.274014809748 0.301302684302 0.461670024055 0.234032270109
100747 1 0.483788274538 0.473033792597 0.473396994033 0.416202621902 0.57251968962
100748 0 0.504043020978 0.42833499406 0.664396894365 0.406502337785 0.516937857701
100749 0 0.340015997658 0.477620371318 0.293013046985 0.219664805148 0.369765767179
100750 0 0.256165401349 0.298166619949 0.209673192166 0.295448887908 0.221372905375
100751 1 0.431479235383 0.439861175386 0.320346100304 0.495182969704 0.470526696138
100752 0 0.433973482413 0.511536164797 0.435351475055 0.439723008478 0.34928328132
100753 1 0.733894239803 0.696584672686 0.780717183485 0.711370930981 0.746904172062
100754 1 0.394531484233 0.449465525585 0.530242136397 0.236310121945 0.362108153006
100755 0 0.414267100254 0.304772906288 0.541374120208 0.370559967991 0.440361406529
100756 1 0.375774247735 0.333994034841 0.412555770445 0.420386752159 0.336160433497
100757 0 0.462739230704 0.428868963192 0.386305708318 0.518665638404 0.517116612901
100758 0 0.316194583787 0.332329157971 0.353640016816 0.339795137103 0.239014023257
100759 1 0.3775643041 0.724424734268 0.338141225596 0.275326962045 0.172364294492
100760 0 0.427661444653 0.349986180565 0.629405381943 0.348273881617 0.382980334487
100761 0 0.390202336243 0.455148037461 0.335014472137 0.433916875627 0.336729959746
100762 1 0.4892761672 0.698719013413 0.275713460578 0.546881645968 0.435790548841
100763 1 0.412388909984 0.422210817396 0.441896964773 0.422977726989 0.362470130779
100764 1 0.577600919568 0.516211450176 0.575545549044 0.615900423112 0.602746255939
100765 0 0.439974018608 0.368625854611 0.447915054873 0.433013505298 0.510341659652
100766 1 0.964981898433 0.969566636647 0.926701270694 0.974804864997 0.988854821393
100767 0 0.411948689853 0.602335957036 0.404637202252 0.360162715825 0.280658884299
100768 0 0.24489254775 0.165991669513 0.198830805399 0.397514621345 0.217233094745
100769 0 0.236746329837 0.217873096905 0.196760042017 0.278351026097 0.254001154331
100770 0 0.333983782919 0.30084782401 0.354119378707 0.391912324314 0.289055604645
100771 0 0.374145144674 0.38750385689 0.275080577968 0.384352660732 0.449643483104
100772 0 0.393813215816 0.321995133773 0.451566298803 0.39755661042 0.404134820269
100773 0 0.386718971646 0.513649203231 0.379483730272 0.299721359505 0.354021593576
100774 0 0.320187715655 0.328587371033 0.231459819939 0.388104049602 0.332599622048
100775 0 0.279010569865 0.325827706505 0.240027503279 0.314214302941 0.235972766734
100776 0 0.360076546413 0.451826795139 0.359348661071 0.263576825185 0.365553904258
100777 0 0.326238656807 0.363395082058 0.344675080312 0.266002190465 0.330882274394
100778 1 0.556555881049 0.613885923016 0.454140234318 0.665890517819 0.492306849042
100779 1 0.222495426124 0.203424638349 0.247557650475 0.210261049 0.228738366672
100780 0 0.396680023942 0.507238110927 0.393695478528 0.384794882089 0.300991624226
100781 0 0.423570899675 0.592983566068 0.203734968067 0.450241968269 0.447323096298
100782 0 0.399319544563 0.260685750187 0.544095936071 0.296330059415 0.496166432579
100783 1 0.452852356494 0.440269863167 0.385103791552 0.399579605855 0.586456165401
100784 0 0.399096555383 0.413554719732 0.433524715402 0.335264149396 0.414042637003
100785 0 0.319097712587 0.370853696935 0.315299239271 0.305816726012 0.284421188132
100786 0 0.479236737246 0.451631259349 0.649034262839 0.417616964897 0.3986644619
100787 0 0.256036380757 0.272127444267 0.235400069462 0.356120758922 0.160497250378
100788 0 0.319418527027 0.311159540876 0.247893113541 0.388372620132 0.330248833558
100789 0 0.204747804088 0.237593705938 0.215305238714 0.16465503434 0.201437237359
100790 0 0.325493476048 0.347944585774 0.368875507145 0.222375394234 0.362778417041
100791 1 0.371832896516 0.378236249377 0.347160953306 0.336351283248 0.425583100135
100792 0 0.323450452311 0.427862961553 0.24819619765 0.303198460898 0.314544189142
100793 0 0.367461797422 0.405090523976 0.235790233563 0.380162603004 0.448803829143
100794 0 0.405699084184 0.386029621202 0.320001590659 0.369666140569 0.547098984305
100795 0 0.236780536552 0.225161822659 0.253732639731 0.203254284599 0.26497339922
100796 1 0.203911431408 0.227329762421 0.191006412606 0.147343372544 0.249966178061
100797 0 0.378746693568 0.349676696864 0.451785120489 0.356506670664 0.357018286257
100798 0 0.303282642954 0.306185724392 0.373448264986 0.257451471798 0.276045110642
100799 0 0.554757007601 0.565901924972 0.638455502442 0.540084070953 0.474586532037
100800 1 0.772464210911 0.719788367443 0.741479284267 0.760828186693 0.867761005242
100801 1 0.290983959926 0.269881634858 0.303956032715 0.268144912672 0.32195325946
100802 0 0.38117521597 0.351678004741 0.391201393463 0.332737039133 0.449084426544
100803 0 0.28310515496 0.278873991037 0.256669332792 0.289249911268 0.307627384741
100804 0 0.352648073279 0.402964466546 0.346524895138 0.332239520756 0.328863410675
100805 0 0.241527068299 0.292062805624 0.191289739416 0.259000433707 0.223755294448
100806 0 0.299157588373 0.260163828776 0.338356322342 0.350615156172 0.247495046201
100807 0 0.346944462425 0.386321364603 0.444556104553 0.16569014192 0.391210238625
100808 1 0.297230565296 0.34595814101 0.242669681884 0.300790041232 0.29950439706
100809 1 0.848313692664 0.802748134172 0.913653528358 0.740592275003 0.936260833122
100810 0 0.312208184431 0.311366633043 0.248671575055 0.238517819215 0.450276710411
100811 1 0.525674074008 0.657539390245 0.532663364246 0.533499736943 0.378993804599
100812 0 0.369411078373 0.344863037413 0.412812706043 0.291922568501 0.428046001535
100813 1 0.359515559739 0.424606029436 0.38539162929 0.310214702123 0.317849878106
100814 1 0.586864195691 0.549970658935 0.604878687808 0.630721737166 0.561885698853
100815 0 0.371210374805 0.35732256506 0.232176676747 0.444233539826 0.451108717585
100816 0 0.473145831404 0.496498694314 0.39830785819 0.539901231441 0.45787554167
100817 1 0.616039960924 0.572322473771 0.783737263222 0.584124305341 0.523975801363
100818 0 0.482528150911 0.466673096216 0.60365843141 0.374161964595 0.485619111425
100819 0 0.317288912692 0.368959194515 0.305927809562 0.326024060253 0.268244586437
100820 0 0.385379769981 0.451939672943 0.360168733394 0.466809219762 0.262601453825
100821 0 0.307716322127 0.326378843721 0.172238867449 0.240287712414 0.491959864925
100822 0 0.336132912832 0.403846271287 0.28352588571 0.328639883217 0.328519611115
100823 1 0.529573107643 0.550853343238 0.49198984963 0.579985619474 0.495463618229
100824 1 0.386336835406 0.418689767165 0.544794985739 0.27089130832 0.310971280401
100825 1 0.369546746285 0.403709320062 0.382615601017 0.330553258077 0.361308805984
100826 0 0.402005745889 0.536400542089 0.401736563619 0.312230022369 0.357655855478
100827 0 0.357380650398 0.421321127347 0.344469947821 0.37294811008 0.290783416343
100828 0 0.361855368858 0.420410311333 0.157339137205 0.426593999893 0.443078027001
100829 0 0.215572085197 0.23018971672 0.295944247934 0.172459472944 0.163694903192
100830 0 0.483639333206 0.0712225614144 0.90422327237 0.33912691267 0.619984586369
100831 1 0.355710606244 0.363033747955 0.480494321705 0.275607651712 0.303706703603
100832 0 0.378669722601 0.396233719864 0.441676444544 0.385437608878 0.291331117117
100833 0 0.434018714001 0.385784468515 0.565859388992 0.28812187623 0.496309122266
100834 1 0.293580849329 0.319987951298 0.279234867116 0.24073477344 0.33436580546
100835 0 0.224459799983 0.183275028848 0.219658836707 0.334048586589 0.160856747789
100836 0 0.418243072132 0.416272995581 0.498192748941 0.406818721189 0.351687822816
100837 1 0.883315393275 0.918522733474 0.926257899677 0.841709223294 0.846771716654
100838 0 0.362929225991 0.346753326431 0.343073230411 0.458256189128 0.303634157992
100839 1 0.363322152268 0.35913468539 0.37786272849 0.378577861452 0.337713333741
100840 0 0.259634464323 0.300025729653 0.266170324799 0.278990395317 0.193351407524
100841 1 0.444073673027 0.396804204649 0.538763837756 0.390453150598 0.450273499105
100842 0 0.309212221519 0.25785248104 0.396999239748 0.32134376764 0.260653397646
100843 1 0.481751147367 0.556377545533 0.644392584302 0.376429512869 0.349804946764
100844 0 0.296035073431 0.251244413361 0.271672113609 0.34712452658 0.314099240175
100845 0 0.255300843344 0.310589394525 0.219698045541 0.245985689596 0.244930243712
100846 0 0.256100363527 0.188959514729 0.300723084009 0.250301455712 0.284417399656
100847 1 0.501745388704 0.471991319008 0.574221644442 0.538020297079 0.422748294288
100848 0 0.340178406346 0.453064743558 0.339180332723 0.365906157896 0.202562391207
100849 0 0.306612408304 0.401381944065 0.205685897459 0.295964432452 0.323417359241
100850 1 0.403528752416 0.58030261673 0.297983747035 0.334347463097 0.401481182803
100851 1 0.0635492480662 0.0434402750626 0.0730203804732 0.0418035043653 0.0959328323635
100852 0 0.311771178398 0.411688290936 0.31130997865 0.305110843446 0.218975600559
100853 1 0.773424414397 0.806252084669 0.675850703235 0.831702250823 0.779892618861
100854 0 0.476762391934 0.538571139148 0.494173187103 0.496157890869 0.378147350615
100855 1 0.584260654655 0.581736193956 0.678311119348 0.506906095018 0.570089210299
100856 1 0.951774434041 0.973988251433 0.899162785807 0.97241318725 0.961533511674
100857 1 0.528915897182 0.668838362715 0.562873928573 0.484506455163 0.399444842277
100858 0 0.311512817772 0.316959884653 0.367923912406 0.249753666604 0.311413807423
100859 1 0.283089145251 0.176738904961 0.248604658273 0.178494071267 0.528518946504
100860 1 0.359372958566 0.381778863832 0.208371287309 0.488352474309 0.358989208813
100861 0 0.359910154328 0.378570713571 0.272611629088 0.37886626967 0.409592004983
100862 0 0.492995442335 0.520418717294 0.369388481399 0.524489971409 0.557684599238
100863 0 0.241624659279 0.270019087574 0.331300902497 0.178972304589 0.186206342454
100864 0 0.366524705778 0.358057652491 0.209034811378 0.483356200396 0.415650158847
100865 0 0.433596004202 0.466379751883 0.315391855563 0.391433506012 0.56117890335
100866 1 0.291052862509 0.28045485961 0.200952882317 0.434765946699 0.24803776141
100867 1 0.54154370437 0.633790282223 0.529135053123 0.487428060995 0.515821421138
100868 1 0.861067754683 0.87591200103 0.888959742224 0.77166461955 0.907734655926
100869 1 0.484950878929 0.574880703085 0.245361596888 0.570438903625 0.54912231212
100870 0 0.406847976906 0.35668455895 0.377770262758 0.360419222803 0.532517863113
100871 1 0.500115184335 0.603813680256 0.487539082151 0.392883118238 0.516224856694
100872 1 0.241822970954 0.180801226381 0.0745320877002 0.412306598117 0.299651971619
100873 0 0.353410103263 0.419422596513 0.280623453235 0.268378027685 0.445216335618
100874 0 0.481411343911 0.510694662219 0.550988043146 0.417850877501 0.44611179278
100875 0 0.325893393744 0.36248767517 0.309197785155 0.332703200498 0.299184914153
100876 1 0.268093891242 0.281228511415 0.289956561156 0.230814960639 0.270375531759
100877 0 0.363557043393 0.372364479544 0.200470807815 0.729718976895 0.151673909318
100878 1 0.462955887894 0.493444587494 0.514492745291 0.391621016514 0.452265202278
100879 0 0.222033551402 0.235902233056 0.202860522683 0.220560905266 0.228810544602
100880 1 0.707278469 0.808146470217 0.746234223506 0.650948899739 0.62378428254
100881 0 0.217872442113 0.261220227295 0.251472718073 0.167251754873 0.191545068213
100882 1 0.373203599104 0.399986707916 0.466986443798 0.357179252997 0.268661991707
100883 0 0.30464538044 0.267167105197 0.220295771927 0.359466733545 0.371651911093
100884 0 0.433944015779 0.459267243136 0.432091170091 0.391172072063 0.453245577826
100885 1 0.277643655432 0.245837979365 0.374600504912 0.193195874473 0.296940262977
100886 0 0.233466461362 0.255846436358 0.25299319483 0.191968242545 0.233057971714
100887 0 0.278657029375 0.27606497562 0.252887219473 0.339127446705 0.246548475702
100888 1 0.36909176907 0.444986919547 0.352688162651 0.318915461338 0.359776532744
100889 0 0.366638151001 0.231923764235 0.395918589611 0.483439397825 0.355270852331
100890 1 0.252093122489 0.248097830892 0.212089242917 0.216574590337 0.331610825808
100891 0 0.346002090084 0.30761368174 0.30019696452 0.443598915494 0.332598798583
100892 0 0.427752547935 0.0630377067353 0.732634007074 0.126677585292 0.788660892637
100893 0 0.504527967586 0.539927480607 0.307620244349 0.527131799873 0.643432345517
100894 1 0.431487411929 0.336512502592 0.472701479622 0.458983033755 0.457752631748
100895 0 0.280102578427 0.314739690172 0.33387763449 0.209376129269 0.262416859778
100896 0 0.375834566848 0.392461144185 0.410799634059 0.371799699956 0.328277789193
100897 0 0.332485018015 0.429253042341 0.248187325958 0.363829297114 0.288670406647
100898 0 0.496000290549 0.76750014962 0.47130693045 0.49769840718 0.247495674946
100899 0 0.304853802565 0.262703273697 0.316145216161 0.243117201243 0.397449519157
100900 1 0.530460287856 0.442376254797 0.490237869773 0.568647927813 0.620579099039
100901 0 0.290832605377 0.295169028595 0.303203363854 0.29798315402 0.266974875041
100902 0 0.565610783217 0.541467784916 0.638264375403 0.517657536922 0.565053435629
100903 1 0.275340324257 0.236710688588 0.346290052485 0.313177374489 0.205183181466
100904 1 0.364373005392 0.35305733202 0.403554595041 0.374410140717 0.326469953788
100905 1 0.608747991141 0.582153422323 0.563148333945 0.678262089723 0.611428118572
100906 0 0.487578173104 0.396647673973 0.511193102057 0.497078944774 0.54539297161
100907 0 0.32067682912 0.356092094739 0.294709292202 0.336602054308 0.295303875229
100908 1 0.277451416899 0.295386433959 0.209068993394 0.259035028022 0.34631521222
100909 1 0.337520528559 0.319591517717 0.347266542046 0.341496119329 0.341727935145
100910 0 0.257570546998 0.223528398594 0.299261954531 0.220307660609 0.287184174259
100911 0 0.409763545252 0.372544868508 0.406013258601 0.422839739587 0.437656314312
100912 1 0.567857726531 0.703448403872 0.459217393228 0.639833999735 0.468931109289
100913 1 0.392812669968 0.267900864558 0.485867665958 0.350993674405 0.466488474952
100914 1 0.320057754505 0.123297581819 0.253106842498 0.345321809001 0.5585047847
100915 0 0.442254662052 0.533739755177 0.306111954295 0.544191263702 0.384975675034
100916 1 0.463513809846 0.537843601583 0.461938393463 0.413722679741 0.440550564598
100917 0 0.336044043421 0.336759550349 0.369094048258 0.32212229951 0.316200275567
100918 1 0.989594353445 0.99153176882 0.982927144241 0.99275262651 0.991165874209
100919 0 0.25144404034 0.243921728913 0.276130577817 0.222074520674 0.263649333955
100920 1 0.467774406449 0.436861275262 0.455400762346 0.432499752466 0.546335835722
100921 0 0.287384154542 0.370168467692 0.349945899332 0.237844302704 0.191577948439
100922 1 0.326725793599 0.346714076646 0.299736494116 0.340411005026 0.320041598606
100923 0 0.309977604517 0.324269919196 0.316236371864 0.31293054525 0.286473581758
100924 1 0.320857155102 0.330490956349 0.359204952321 0.273516358429 0.320216353309
100925 1 0.232205353184 0.227025501414 0.191660629986 0.288916865529 0.221218415805
100926 0 0.317794591604 0.356036949353 0.359681021423 0.243432774234 0.312027621406
100927 1 0.331628220164 0.250674242652 0.507395458967 0.308329543946 0.260113635093
100928 1 0.360734160022 0.436260915855 0.326363548945 0.30398365466 0.376328520628
100929 1 0.904650548018 0.928412646604 0.832286726271 0.914778198639 0.943124620557
100930 1 0.304507607214 0.215762956098 0.434832575364 0.239559362108 0.327875535286
100931 0 0.236660514198 0.448829382944 0.00816226872253 0.358338462868 0.131311942257
100932 1 0.343308460043 0.315663496764 0.320486447283 0.338047090468 0.399036805656
100933 0 0.215302066903 0.143925199577 0.253188225372 0.185492208398 0.278602634266
100934 0 0.377258673382 0.479653015828 0.375465682424 0.311159469787 0.342756525489
100935 1 0.897735353244 0.911721605009 0.849150124393 0.921664384584 0.90840529899
100936 0 0.503687084271 0.481521994198 0.726057090865 0.438819948994 0.368349303026
100937 0 0.232807158407 0.235752134725 0.290130260395 0.20776257546 0.197583663046
100938 1 0.368069611163 0.331537852915 0.417990832188 0.27750800376 0.44524175579
100939 0 0.4090439892 0.532303340877 0.379475268095 0.341022833738 0.383374514091
100940 1 0.374766429791 0.377165813485 0.391834259285 0.370414631525 0.359651014867
100941 1 0.49311515699 0.491499786934 0.540909828497 0.480383200916 0.459667811612
100942 0 0.35534759677 0.468864570669 0.210117680843 0.187320615881 0.555087519687
100943 0 0.300840597551 0.354546137969 0.328909751397 0.251076251739 0.2688302491
100944 1 0.315454915832 0.329780589117 0.473750244609 0.26084526533 0.197443564272
100945 1 0.747152641324 0.592903064015 0.831374343441 0.801940466277 0.762392691563
100946 1 0.264502713909 0.394869178649 0.180859548084 0.233301818478 0.248980310426
100947 0 0.41732153298 0.434580053955 0.406989895505 0.51652533029 0.311190852169
100948 1 0.476925738676 0.563553696952 0.498131308338 0.410057252618 0.435960696797
100949 1 0.680923989489 0.660314601721 0.676613747349 0.775457838377 0.611309770509
100950 0 0.338079116171 0.309764280635 0.427465527975 0.321228710578 0.293857945496
100951 0 0.182929784383 0.219934748748 0.173842088275 0.160962490165 0.176979810346
100952 1 0.441896337436 0.370536569351 0.638032098153 0.419255602475 0.339761079765
100953 1 0.461148375337 0.579607536826 0.382958379186 0.448071794563 0.433955790772
100954 1 0.355090629347 0.336706389697 0.355265868802 0.376433774828 0.35195648406
100955 0 0.328638684422 0.280683834371 0.351258642428 0.354904536154 0.327707724737
100956 1 0.555028808557 0.593125902891 0.637166412789 0.401173709933 0.588649208615
100957 0 0.330479006049 0.348923136393 0.427386246703 0.25100434499 0.29460229611
100958 0 0.348488343063 0.368101721497 0.323669648422 0.376178900114 0.32600310222
100959 1 0.570049186725 0.565833298166 0.591758468943 0.649227704593 0.473377275198
100960 0 0.361089485894 0.34870333543 0.449785949575 0.291585865733 0.354282792838
100961 1 0.310205659015 0.261363507257 0.322599871559 0.347581682222 0.309277575023
100962 0 0.389475821569 0.354032522015 0.443496592918 0.328419599169 0.431954572173
100963 0 0.305177074377 0.371523994892 0.370220308001 0.26357860941 0.215385385206
100964 0 0.290490766933 0.228606819965 0.211958814491 0.34548263907 0.375914794208
100965 1 0.718320421341 0.565851640413 0.724927718186 0.808931927499 0.773570399265
100966 0 0.42635307849 0.323644661891 0.600669890631 0.367566017054 0.413531744383
100967 0 0.34357907814 0.357173559756 0.276496557734 0.321494813826 0.419151381245
100968 1 0.350180402435 0.268246621881 0.340763259778 0.34743565295 0.44427607513
100969 0 0.355840972456 0.29425250846 0.369757962583 0.333376231229 0.425977187553
100970 0 0.315084819658 0.342329695625 0.178272520592 0.391340729397 0.348396333016
100971 0 0.400649737005 0.665436985996 0.301955806953 0.317396179379 0.317809975691
100972 0 0.355357277856 0.298873794354 0.332614558817 0.41457696267 0.375363795583
100973 1 0.279861246939 0.509438991629 0.225671878257 0.180897051186 0.203437066683
100974 1 0.620097548162 0.609656825183 0.717734962302 0.774310841151 0.378687564012
100975 1 0.323479600742 0.219488645925 0.328069064481 0.39571532173 0.350645370831
100976 0 0.525452993143 0.48545478765 0.593452264253 0.505534805109 0.517370115561
100977 1 0.425686996327 0.296119829485 0.48991438308 0.362575438308 0.554138334437
100978 0 0.274571557912 0.329752521687 0.324388844623 0.220010348577 0.22413451676
100979 1 0.885455773617 0.888790513034 0.91620549923 0.901704006413 0.83512307579
100980 0 0.260308981217 0.193572995771 0.323347717179 0.285489605842 0.238825606076
100981 1 0.99090256207 0.991395407904 0.990139322815 0.992949888455 0.989125629108
100982 0 0.364293510037 0.502786827776 0.268817104255 0.333727261873 0.351842846246
100983 0 0.497571998654 0.507890703155 0.569621661812 0.539535789163 0.373239840488
100984 1 0.313476677144 0.268863187562 0.381795519073 0.246520314134 0.356727687806
100985 0 0.290277158131 0.274320868545 0.289052359337 0.297754837188 0.299980567454
100986 1 0.503705861823 0.518705596506 0.459237874499 0.425544310176 0.611335666111
100987 1 0.517224573216 0.53213658375 0.620964374644 0.445966820832 0.469830513639
100988 1 0.454695145643 0.46878645249 0.577162696012 0.318075395748 0.454756038322
100989 1 0.332283818454 0.404181200827 0.358617076277 0.354660327324 0.211676669386
100990 0 0.380525528587 0.335631509804 0.507045036044 0.27425095289 0.405174615612
100991 0 0.341719462807 0.397106456901 0.318246099222 0.362528508198 0.288996786908
100992 1 0.864348045815 0.834100795678 0.896404973631 0.832287197697 0.894599216253
100993 0 0.216154089134 0.216577935607 0.174061670323 0.219426028396 0.254550722211
100994 0 0.367982877458 0.312112616432 0.43947589085 0.370447168886 0.349895833664
100995 1 0.370997501559 0.356934566371 0.379322996397 0.411995519417 0.335736924052
100996 0 0.37384863531 0.223472392986 0.536533620374 0.362570308629 0.372818219253
100997 0 0.314693657553 0.25806259536 0.244848235155 0.402461026311 0.353402773385
100998 1 0.710678041597 0.627283759282 0.809819866819 0.5067676358 0.898840904488
100999 1 0.568037322788 0.588638904467 0.578887149108 0.387696792604 0.716926444972
