IDs scores
100144 
100840 
100558 
100829 
100937 
100836 
100372 
100743 
100294 
100472 
100443 
100274 
100148 
100001 
100765 
100410 
100647 
100114 
100539 
100046 
100353 
100468 
100535 
100897 
100277 
100725 
100564 
100465 
100672 
100354 
100551 
100146 
100772 
100846 
100915 
100527 
100624 
100325 
100972 
100898 
100901 
100861 
100044 
100344 
100883 
100104 
100119 
100228 
100392 
100186 
100151 
100349 
100876 
100303 
100350 
100749 
100233 
100694 
100116 
100264 
100957 
100202 
100792 
100111 
100679 
100951 
100783 
100136 
100670 
100930 
100418 
100092 
100174 
100718 
100804 
100253 
100568 
100706 
100094 
100984 
100380 
100018 
100473 
100757 
100451 
100806 
100095 
100761 
100414 
100516 
100492 
100315 
100723 
100234 
100424 
100097 
100393 
100554 
100506 
100532 
100251 
100921 
100086 
100581 
100562 
100955 
100247 
100969 
100135 
100009 
100203 
100447 
100284 
100310 
100415 
100687 
100419 
100669 
100417 
100059 
100658 
100517 
100827 
100849 
100585 
100797 
100895 
100742 
100828 
100842 
100820 
100339 
100211 
100155 
100466 
100542 
100791 
100693 
100676 
100499 
100741 
100637 
100429 
100308 
100171 
100755 
100884 
100559 
100383 
100611 
100170 
100497 
100538 
100541 
100304 
100062 
100822 
100164 
100807 
100587 
100729 
100221 
100851 
100732 
100029 
100812 
100967 
100896 
100453 
100652 
100052 
100934 
100298 
100107 
100434 
100768 
100769 
100187 
100038 
100461 
100788 
100165 
100546 
100259 
100609 
100673 
100623 
100167 
100654 
100078 
100175 
100910 
100923 
100818 
100204 
100814 
100133 
100100 
100241 
100280 
100630 
100886 
100569 
100080 
100493 
100785 
100657 
100441 
100991 
100607 
100557 
100661 
100420 
100455 
100008 
100798 
100390 
100098 
100289 
100386 
100750 
100964 
100548 
100994 
100933 
100758 
100885 
100565 
100819 
100491 
100205 
100721 
100321 
100931 
100486 
100374 
100428 
100625 
100781 
100141 
100613 
100522 
100154 
100471 
100043 
100852 
100265 
100357 
100825 
100940 
100756 
100863 
100702 
100695 
100909 
100950 
100105 
100580 
100385 
100121 
100507 
100359 
100076 
100332 
100567 
100787 
100560 
100409 
100345 
100692 
100179 
100457 
100363 
100943 
100922 
100145 
100789 
100452 
100646 
100555 
100839 
100776 
100774 
100770 
100577 
100691 
100705 
100019 
100270 
100320 
100938 
100810 
100004 
100394 
100091 
100384 
100779 
100243 
100040 
100980 
100485 
100398 
100103 
100919 
100956 
100378 
100355 
100874 
100181 
100873 
100683 
100796 
100996 
100194 
100636 
100777 
100252 
100958 
100556 
100803 
100217 
100244 
100941 
100082 
100808 
100408 
100085 
100704 
100600 
100483 
100168 
100891 
100327 
100745 
100513 
100719 
100835 
100813 
100573 
100177 
100685 
100346 
100306 
100737 
100631 
100648 
100449 
100717 
100305 
100582 
100161 
100575 
100002 
100653 
100032 
100012 
100982 
100281 
100681 
100531 
100501 
100379 
100760 
100063 
100911 
100782 
100477 
100599 
100881 
100216 
100865 
100432 
100698 
100536 
100093 
100544 
100879 
100579 
100422 
100366 
100926 
100196 
100066 
100333 
100312 
100440 
100989 
100189 
100118 
100360 
100230 
100142 
100239 
100412 
100887 
100042 
100285 
100655 
100939 
100316 
100283 
100159 
100431 
100458 
100960 
100373 
100138 
100476 
100715 
100913 
100108 
100744 
100397 
100907 
100602 
100275 
100622 
100106 
100242 
100269 
100143 
100677 
100946 
100248 
100053 
100904 
100163 
100858 
100833 
100701 
100644 
100335 
100229 
100727 
100508 
100875 
100978 
100990 
100537 
100351 
100311 
100031 
100662 
100330 
100795 
100597 
100917 
100545 
100067 
100710 
100137 
100293 
100131 
100033 
100365 
100338 
100176 
100805 
100129 
100802 
100061 
100013 
100376 
100686 
100908 
100459 
100400 
100748 
100961 
100973 
100249 
100603 
100746 
100036 
100823 
100962 
100201 
100780 
100855 
100848 
100620 
100612 
100041 
100160 
100139 
100870 
100606 
100467 
100821 
100190 
100656 
100605 
100494 
100634 
100237 
100358 
100987 
100775 
100983 
100714 
100342 
100336 
100478 
100263 
100371 
100615 
100006 
100425 
100561 
100364 
100509 
100699 
100552 
100709 
100816 
100730 
100639 
100734 
100147 
100232 
100549 
100102 
100375 
100437 
100518 
100034 
100890 
100178 
100343 
100763 
100899 
100838 
100109 
100088 
100090 
100297 
100628 
100047 
100407 
100586 
100872 
100401 
100571 
100948 
100596 
100058 
100291 
100117 
100322 
100193 
100227 
100638 
100068 
100902 
100711 
100456 
100278 
100892 
100213 
100489 
100416 
100199 
100703 
100700 
100299 
100153 
100801 
100089 
100924 
100240 
100014 
100767 
100475 
100445 
100528 
100206 
100113 
100697 
100877 
100985 
100854 
100975 
100869 
100724 
100071 
100110 
100210 
100666 
100543 
100411 
100292 
100307 
100448 
100463 
100250 
100504 
100826 
100257 
100027 
100952 
100296 
100663 
100099 
100255 
100708 
100640 
100219 
100367 
100051 
100570 
100268 
100845 
100015 
100764 
100578 
100834 
100462 
100832 
100182 
100469 
100368 
100678 
100550 
100010 
100659 
100030 
100601 
100382 
100500 
100817 
100083 
100916 
100621 
100072 
100642 
100903 
100260 
100731 
100594 
100712 
100893 
100740 
100778 
100056 
100629 
100738 
100065 
100511 
100592 
100864 
100790 
100616 
100391 
100279 
100505 
100530 
100566 
100574 
100075 
100976 
100771 
100369 
100752 
100060 
100347 
100649 
100200 
100356 
100149 
100831 
100707 
100079 
100510 
100262 
100225 
100352 
100993 
100479 
100867 
100055 
100786 
100650 
100954 
100660 
100927 
100690 
100464 
100888 
100140 
100402 
100847 
100645 
100914 
100261 
100112 
100773 
100470 
100696 
100238 
100589 
100859 
100286 
100474 
100595 
100214 
100481 
100667 
100591 
100073 
100986 
100844 
100427 
100632 
100124 
100726 
100942 
100684 
100185 
100324 
100195 
100172 
100450 
100614 
100906 
100759 
100348 
100395 
100618 
100256 
100180 
100651 
100720 
100784 
100716 
100905 
100207 
100028 
100192 
100643 
100197 
100231 
100436 
100188 
100753 
100920 
100331 
100084 
100021 
100608 
100965 
100977 
100191 
100152 
100841 
100319 
100323 
100183 
100534 
100722 
100024 
100150 
100641 
100959 
100610 
100064 
100925 
100039 
100664 
100309 
100224 
100947 
100396 
100387 
100438 
100435 
100572 
100282 
100026 
100017 
100850 
100932 
100862 
100860 
100689 
100514 
100515 
100968 
100246 
100134 
100488 
100824 
100871 
100935 
100974 
100329 
100583 
100998 
100675 
100074 
100963 
100405 
100674 
100799 
100598 
100005 
100362 
100125 
100949 
100894 
100054 
100682 
100132 
100995 
100889 
100340 
100680 
100900 
100526 
100520 
100302 
100295 
100878 
100966 
100287 
100220 
100617 
100519 
100158 
100166 
100157 
100087 
100173 
100370 
100533 
100334 
100713 
100050 
100406 
100377 
100953 
100857 
100584 
100866 
100979 
100326 
100314 
100671 
100389 
100127 
100069 
100128 
100811 
100593 
100936 
100208 
100739 
100590 
100209 
100423 
100853 
100421 
100747 
100361 
100487 
100997 
100971 
100313 
100273 
100025 
100169 
100988 
100800 
100070 
100341 
100254 
100212 
100843 
100222 
100184 
100271 
100454 
100045 
100668 
100627 
100794 
100882 
100751 
100198 
100502 
100635 
100970 
100123 
100524 
100999 
100126 
100096 
100020 
100490 
100529 
100226 
100588 
100267 
100003 
100754 
100512 
100022 
100115 
100619 
100301 
100736 
100815 
100426 
100156 
100122 
100101 
100735 
100011 
100495 
100604 
100496 
100016 
100120 
100762 
100236 
100688 
100328 
100525 
100460 
100484 
100444 
100446 
100793 
100547 
100403 
100337 
100928 
100048 
100223 
100442 
100318 
100912 
100049 
100023 
100272 
100245 
100300 
100433 
100218 
100498 
100439 
100830 
100388 
100944 
100480 
100626 
100288 
100809 
100521 
100733 
100665 
100290 
100766 
100563 
100276 
100215 
100945 
100430 
100992 
100553 
100868 
100503 
100266 
100576 
100728 
100837 
100081 
100037 
100880 
100856 
100523 
100633 
100404 
100130 
100413 
100235 
100981 
100057 
100035 
100007 
100077 
100000 
100929 
100540 
100918 
100482 
100258 
100381 
100399 
100317 
100162 
