IDs label avgscores score0 score1 score2 score3
100000 1 0.966069678793 0.979577542972 0.979587514687 0.930193930609 0.974919726904
100001 0 0.188047090555 0.258617326685 0.190131229545 0.122913217859 0.180526588132
100002 1 0.347759684968 0.380855292694 0.460917213886 0.312783343904 0.236482889388
100003 1 0.566695942782 0.581205751765 0.570655780191 0.488797746512 0.626124492661
100004 0 0.327089320651 0.221099430035 0.363094554927 0.385643050934 0.338520246706
100005 1 0.498136390938 0.478486992338 0.568413049617 0.474925802851 0.470719718945
100006 0 0.390750820474 0.323116733351 0.400461915282 0.477496156011 0.361928477252
100007 1 0.93741477252 0.909923384648 0.962490300275 0.903894051611 0.973351353545
100008 0 0.307438372859 0.180087107068 0.365698565545 0.337793078443 0.346174740379
100009 0 0.268237232257 0.259704719765 0.192449073516 0.256502087611 0.364293048136
100010 0 0.427411155786 0.42772679541 0.386980438689 0.468275599961 0.426661789082
100011 0 0.581026409198 0.570722781479 0.587312760053 0.60753177033 0.558538324931
100012 0 0.349426980418 0.411328233692 0.331453953838 0.274393008325 0.380532725818
100013 0 0.378728740993 0.28921389699 0.443889110246 0.274892859605 0.50691909713
100014 1 0.409865012392 0.384400631403 0.428037636467 0.371122123563 0.455899658134
100015 1 0.42421393784 0.445160983075 0.534240280455 0.401251279283 0.316203208547
100016 1 0.584884643176 0.538941037633 0.773997656688 0.487899938493 0.53869993989
100017 0 0.483541190248 0.477362436209 0.471764805661 0.619888878794 0.365148640326
100018 0 0.257414727439 0.251978477449 0.346424486134 0.209470773828 0.221785172346
100019 1 0.325986226741 0.27947038494 0.37911588918 0.338366822298 0.306991810546
100020 0 0.561336605907 0.51649601643 0.666268454964 0.444271237413 0.618310714821
100021 1 0.470640076777 0.733166265996 0.140969364001 0.70528021455 0.30314446256
100022 0 0.569495705331 0.681615691675 0.485407933499 0.731810627495 0.379148568657
100023 1 0.622025113379 0.544794724802 0.707372272825 0.585905840705 0.650027615183
100024 0 0.475284499186 0.455451499394 0.513828571256 0.486597982029 0.445259944063
100025 1 0.542751391854 0.544177202936 0.472167621855 0.600307580426 0.5543531622
100026 1 0.483397292776 0.494773247149 0.427881787189 0.56140382822 0.449530308544
100027 0 0.418146849279 0.430268735213 0.321397041854 0.569472258632 0.351449361417
100028 1 0.466044708311 0.450513796534 0.451015545063 0.42757796079 0.535071530858
100029 0 0.290304675365 0.29391016535 0.29795342355 0.368511186659 0.200843925902
100030 0 0.428145920196 0.499803960849 0.410759846659 0.413554990767 0.388464882511
100031 0 0.373633234298 0.31509291665 0.403536046586 0.251056851288 0.524847122669
100032 0 0.348486346449 0.296454796277 0.379147796747 0.38886712051 0.329475672264
100033 0 0.375589444452 0.32944133311 0.494269695719 0.396197490614 0.282449258365
100034 1 0.395806194773 0.506256177113 0.407957294156 0.342912967848 0.326098339975
100035 1 0.908787839281 0.944064940219 0.930405498059 0.838196307989 0.922484610858
100036 1 0.383636030811 0.260307327332 0.527218831368 0.392038806077 0.354979158466
100037 1 0.802395576598 0.813050442263 0.712160339154 0.828910181659 0.855461343315
100038 0 0.293841539924 0.271237427491 0.274443292511 0.337051935821 0.292633503872
100039 0 0.479110869612 0.451457160796 0.500500198145 0.525782030248 0.438704089257
100040 1 0.328139025324 0.261938639715 0.342999069716 0.335437117269 0.372181274594
100041 0 0.384867157839 0.516606029436 0.353776925024 0.428989789085 0.240095887811
100042 0 0.360796637213 0.351980740611 0.360594721801 0.311163360572 0.41944772587
100043 0 0.314465837328 0.307294882955 0.315191346969 0.266122028229 0.369255091161
100044 0 0.231633104018 0.207637150518 0.241029562107 0.241082905783 0.236782797663
100045 0 0.549427665241 0.50707739536 0.462891337666 0.59111496683 0.636626961107
100046 0 0.202068762826 0.230807850401 0.204684440014 0.148236721641 0.224546039248
100047 0 0.400833916889 0.442168889913 0.328296273386 0.308786368247 0.524084136012
100048 1 0.61190215404 0.580067177734 0.634019362876 0.725052915132 0.508469160417
100049 1 0.620181367335 0.691650499229 0.496371326449 0.714310659319 0.578392984342
100050 1 0.517610411909 0.528952836363 0.516087930407 0.571097982075 0.454302898792
100051 0 0.423170587173 0.436592227575 0.51683321508 0.263126727737 0.476130178298
100052 0 0.292482900195 0.364526137558 0.270592108373 0.254333635674 0.280479719173
100053 1 0.369719539835 0.238860806979 0.433951677417 0.258563639128 0.547502035818
100054 1 0.502243244342 0.535165454194 0.450497043469 0.495513289715 0.527797189989
100055 0 0.446120888294 0.48147545673 0.390073282451 0.468623486237 0.44431132776
100056 0 0.433807660329 0.513443080796 0.415179739345 0.417624531788 0.388983289387
100057 1 0.901385244539 0.934358265159 0.874418134894 0.869785688146 0.926978889957
100058 1 0.403219291704 0.389109848908 0.412269134126 0.349638609106 0.461859574678
100059 0 0.273136193908 0.337374003133 0.232786925971 0.24958710546 0.272796741069
100060 1 0.439961438418 0.39151557716 0.462690946271 0.436297526695 0.469341703548
100061 1 0.378716286244 0.338765698991 0.333697687118 0.487995668129 0.35440609074
100062 1 0.287370822017 0.201001154673 0.260103822425 0.211490045447 0.476888265524
100063 0 0.353067155231 0.41655787428 0.247939106195 0.305647870284 0.442123770163
100064 0 0.478327859596 0.459314419296 0.477780151797 0.453780905096 0.522435962195
100065 1 0.434402701795 0.46275461853 0.443745439024 0.489864724377 0.341246025248
100066 0 0.357025183465 0.312508141947 0.304426630107 0.273459736562 0.537706225245
100067 0 0.374965561839 0.322789749904 0.388526394938 0.381012496573 0.40753360594
100068 1 0.40539814274 0.267518779925 0.432218854903 0.465262797469 0.456592138662
100069 1 0.529647981532 0.409829928528 0.599314469827 0.499348022262 0.610099505513
100070 1 0.546124617665 0.557947999897 0.567324133024 0.600911552129 0.45831478561
100071 0 0.413417579307 0.377848656684 0.486020670677 0.406711932016 0.383089057852
100072 0 0.431195581374 0.610492481473 0.402139852884 0.362308804005 0.349841187136
100073 0 0.455964711485 0.480263833788 0.443011058387 0.432392722131 0.468191231634
100074 1 0.493890130271 0.443165760251 0.573014987123 0.54872058694 0.410659186771
100075 1 0.437871864427 0.381092000949 0.45835727511 0.400368386343 0.511669795307
100076 0 0.320056713495 0.290577356657 0.31132287624 0.277702277016 0.400624344066
100077 1 0.946596916292 0.989262501573 0.880692108024 0.957155734075 0.959277321494
100078 0 0.299073649005 0.353812622567 0.218364469878 0.305872563524 0.318244940052
100079 0 0.443958117433 0.399444179519 0.475403651472 0.536519234704 0.364465404038
100080 0 0.304274115373 0.312413159272 0.397161231277 0.22482938155 0.282692689392
100081 1 0.799146144955 0.826323077445 0.842667989756 0.686366157274 0.841227355345
100082 1 0.336394474788 0.393036235314 0.366435929696 0.327055206918 0.259050527226
100083 0 0.429510026076 0.405140773999 0.497102716701 0.337476962533 0.478319651072
100084 0 0.470630550177 0.396381301495 0.577589476418 0.435880731046 0.472670691749
100085 0 0.338651571851 0.283064895794 0.337127137799 0.388929792615 0.345484461198
100086 0 0.264896060052 0.240565808537 0.276591504281 0.253794472461 0.288632454928
100087 1 0.513990422413 0.441718317267 0.48598005901 0.652031048478 0.476232264895
100088 1 0.398292805164 0.441805927948 0.401163751721 0.444989834272 0.305211706716
100089 1 0.408965144593 0.434468426425 0.516682411152 0.326874607595 0.357835133199
100090 1 0.398786994989 0.347993539906 0.408520241742 0.446031790088 0.39260240822
100091 1 0.327381887319 0.265870551394 0.282527998705 0.27386144472 0.487267554455
100092 0 0.253310901576 0.262405854902 0.297224805544 0.229596546151 0.224016399706
100093 0 0.355394132884 0.399268290901 0.39246333797 0.358736426469 0.271108476195
100094 0 0.256453534433 0.257349139361 0.258841641594 0.25174063699 0.257882719785
100095 0 0.259164202743 0.337069869265 0.217910663039 0.249845663685 0.231830614984
100096 1 0.561296098813 0.572762345642 0.471267930317 0.624753605713 0.57640051358
100097 0 0.262350013538 0.20603358874 0.292904461228 0.30854037889 0.241921625294
100098 1 0.308126829561 0.335027144538 0.284107528866 0.329375759649 0.28399688519
100099 0 0.420588220085 0.483027699303 0.448804016988 0.418337870392 0.332183293656
100100 0 0.301800086872 0.388320504661 0.333579558756 0.26413383392 0.221166450152
100101 1 0.580726777792 0.551251748114 0.749421588505 0.35829947004 0.66393430451
100102 0 0.393960149981 0.345824206928 0.404658336063 0.377409520701 0.447948536233
100103 0 0.330305398827 0.401511698197 0.342703349184 0.314124212301 0.262882335624
100104 0 0.235311837545 0.260496479641 0.232853384911 0.246137862617 0.20175962301
100105 1 0.318046742932 0.28400415221 0.371857060361 0.289803295525 0.32652246363
100106 0 0.36686501242 0.394115470423 0.401236248904 0.363911266453 0.3081970639
100107 0 0.29286573752 0.326761854706 0.27667912885 0.31072293248 0.257299034045
100108 1 0.364748197261 0.325609613766 0.344853165865 0.421022464249 0.367507545163
100109 1 0.39789984224 0.387955972725 0.396753604073 0.377473908697 0.429415883464
100110 1 0.414170766324 0.420469133705 0.350730907262 0.448324949896 0.437158074434
100111 0 0.249607930322 0.172908910023 0.314800652297 0.281601725398 0.229120433569
100112 0 0.448872964522 0.452010306556 0.318006329582 0.456566769321 0.568908452631
100113 1 0.411765044468 0.450784572269 0.415143529163 0.404311933631 0.376820142809
100114 0 0.199493660408 0.12576581446 0.274091800275 0.190199508533 0.207917518362
100115 1 0.570389678116 0.67044425509 0.531604656626 0.632482184079 0.447027616669
100116 1 0.246386059439 0.16942110847 0.378590856914 0.205539151705 0.231993120668
100117 1 0.404248826918 0.387016813384 0.444090849346 0.370476912661 0.41541073228
100118 0 0.35815084294 0.37857665433 0.310247268244 0.432181209684 0.311598239501
100119 0 0.236574438836 0.201380919829 0.262089112173 0.190994904146 0.291832819194
100120 1 0.587742123512 0.482550552645 0.565107235174 0.67612815469 0.62718255154
100121 0 0.319321784638 0.367833393645 0.352334886327 0.311599580897 0.245519277683
100122 0 0.580289097749 0.550794289554 0.700860140058 0.524917881541 0.544584079845
100123 0 0.558592225706 0.605929549368 0.584172988657 0.59782185952 0.446444505277
100124 1 0.458111393852 0.455609868431 0.487334621446 0.512980583587 0.376520501944
100125 0 0.499984976359 0.490017696903 0.473655183559 0.52374142481 0.512525600162
100126 0 0.561120364245 0.652961278322 0.54311265203 0.597744625698 0.450662900928
100127 1 0.529301141728 0.556350324297 0.494290442661 0.595300598018 0.471263201936
100128 0 0.5298174722 0.498452127273 0.53448683638 0.574232147972 0.512098777174
100129 0 0.377857218025 0.415388417684 0.43202939903 0.349089830759 0.314921224628
100130 1 0.839854245228 0.784560616068 0.848023549879 0.874666842979 0.852165971987
100131 0 0.37530201059 0.391334146039 0.457930848569 0.331390086867 0.320552960886
100132 1 0.502553608018 0.40334524747 0.787217590836 0.497613506374 0.322038087393
100133 0 0.301476594464 0.158496793761 0.283708132383 0.37857665433 0.385124797381
100134 0 0.485139496708 0.551148492385 0.472008675303 0.494784835511 0.422615983633
100135 1 0.26783815973 0.221857236328 0.309904875266 0.219166492903 0.320424034422
100136 0 0.25183525262 0.219347023022 0.322268747145 0.276286951288 0.189438289023
100137 0 0.375157513095 0.291843122029 0.441926995827 0.303642576908 0.463217357616
100138 1 0.363493099639 0.472780778256 0.381029032399 0.255641307287 0.344521280613
100139 0 0.385886980979 0.434997774479 0.422932647296 0.33656073849 0.349056763653
100140 1 0.447840714347 0.435504365411 0.497322436293 0.439953862343 0.41858219334
100141 0 0.313561085616 0.368731695202 0.25335996809 0.375073561225 0.257079117945
100142 0 0.359445190704 0.404074824155 0.323986356073 0.362170928753 0.347548653834
100143 0 0.36790777078 0.345099549711 0.38460287649 0.456012805858 0.285915851062
100144 0 0.153068661755 0.123303513875 0.151914862967 0.18109715291 0.155959117267
100145 0 0.322989834157 0.350365307072 0.300819040148 0.321792044893 0.318982944516
100146 0 0.220723819654 0.212175768722 0.202058055394 0.226991668783 0.241669785719
100147 1 0.393570554683 0.319556463723 0.51000787079 0.40745961041 0.337258273811
100148 1 0.186525592582 0.201314288168 0.151975216817 0.227289680899 0.165523184444
100149 1 0.442604593892 0.412158632564 0.422313806273 0.475464372223 0.460481564507
100150 1 0.475453158254 0.499923939109 0.441923411016 0.506929017724 0.453036265168
100151 0 0.242093771479 0.26356683412 0.192472283948 0.236168594908 0.276167372939
100152 1 0.472396368126 0.526251911939 0.516557447708 0.347821880779 0.498954232079
100153 1 0.408048439378 0.44677399396 0.406772879899 0.439409355294 0.339237528357
100154 0 0.31428648818 0.429167874803 0.353713340655 0.37857665433 0.0956880829334
100155 0 0.278778321488 0.340210109439 0.280832926092 0.229915809311 0.26415444111
100156 0 0.576569584693 0.593806067971 0.563679362642 0.636882926982 0.511909981176
100157 1 0.513593212715 0.509302872095 0.488265493668 0.595808572196 0.460995912902
100158 0 0.512788649285 0.450484290993 0.562716908552 0.488385814527 0.54956758307
100159 0 0.362586573397 0.346224658603 0.453634469204 0.300318536023 0.350168629758
100160 0 0.385151204985 0.38066387257 0.431105872588 0.40286268244 0.325972392341
100161 0 0.346977493713 0.321421739702 0.415787748292 0.288232220902 0.362468265956
100162 1 0.999999401355 0.999999876523 0.999999475213 0.999998375729 0.999999877954
100163 0 0.370214976454 0.402710276003 0.37006176432 0.4089209291 0.299166936392
100164 1 0.287604291576 0.27226495329 0.325112388953 0.31160013397 0.241439690091
100165 0 0.295243190283 0.253923522274 0.29553400946 0.218686662434 0.412828566963
100166 1 0.512990924472 0.533360557502 0.505598487618 0.540175011939 0.47282964083
100167 0 0.297432177744 0.319917868433 0.283966381709 0.275656020452 0.310188440382
100168 0 0.339598189175 0.265337219427 0.375561048671 0.378085534151 0.339408954452
100169 0 0.544046422256 0.595164750467 0.55476533223 0.502779260962 0.523476345365
100170 1 0.285295701424 0.43280862742 0.262092536314 0.227047768462 0.219233873501
100171 0 0.283837517262 0.255457349253 0.405284570426 0.220506519758 0.25410162961
100172 1 0.460660939894 0.522203049003 0.508646432471 0.404279674465 0.407514603635
100173 0 0.514324237013 0.308038947544 0.617597126011 0.409208704208 0.722452170289
100174 0 0.253883426922 0.272991545939 0.240112211616 0.223958417331 0.278471532804
100175 0 0.299514433636 0.259054580852 0.244209852427 0.266324601256 0.428468700008
100176 1 0.376893901294 0.369477798922 0.318042504904 0.426475265891 0.393580035458
100177 0 0.341695332575 0.325819765997 0.302477558131 0.359193159658 0.379290846514
100178 0 0.396267776888 0.377689239257 0.333728422422 0.44405516123 0.429598284644
100179 0 0.322331462836 0.394926976289 0.279850659696 0.280236147174 0.334312068186
100180 1 0.4640907322 0.371536776693 0.556129272072 0.414327128958 0.514369751078
100181 0 0.334128633241 0.331371460568 0.319099984947 0.245251202727 0.440791884722
100182 0 0.425059374707 0.390773537899 0.558425831345 0.322455591943 0.428582537642
100183 1 0.473833724581 0.402612083333 0.518731022331 0.46261109486 0.511380697801
100184 1 0.54900020214 0.561602497602 0.537559982494 0.628511521236 0.468326807228
100185 0 0.459787983706 0.589645143861 0.440892729919 0.412646898291 0.395967162752
100186 0 0.241959008797 0.262049306987 0.314918101264 0.17532197606 0.215546650878
100187 1 0.293281026937 0.246376088449 0.32607919536 0.373001120533 0.227667703407
100188 0 0.468474309397 0.513676966342 0.518599057888 0.401117179236 0.440504034122
100189 0 0.357942774787 0.340345928584 0.313770896849 0.414376703423 0.363277570291
100190 1 0.387168008656 0.387357221449 0.433648939874 0.373019190356 0.354646682945
100191 0 0.472227926306 0.477712437938 0.509625514179 0.399217824381 0.502355928725
100192 1 0.466336576462 0.428622790015 0.522313249578 0.418045299112 0.496364967143
100193 0 0.40482745116 0.351408928733 0.458267101685 0.468043883467 0.341589890755
100194 0 0.33502764686 0.274949423853 0.368236366125 0.346319430427 0.350605367034
100195 0 0.460517580703 0.535106644448 0.483436511343 0.411278425052 0.41224874197
100196 1 0.35688427493 0.327743849764 0.365520566888 0.39895741771 0.335315265359
100197 0 0.467668115869 0.456854676314 0.453082029329 0.520299380144 0.44043637769
100198 1 0.555144980855 0.603396289328 0.471122887853 0.557937852806 0.588122893432
100199 1 0.407749142523 0.39796645209 0.349562008968 0.404812467397 0.478655641639
100200 1 0.441515624322 0.449323154645 0.341661150838 0.475035185035 0.500043006771
100201 1 0.383885117807 0.458081790757 0.443469045613 0.355410277965 0.278579356893
100202 0 0.247604368543 0.275347242475 0.167015212169 0.230687624675 0.317367394852
100203 1 0.269146756305 0.214951561167 0.275638448447 0.332685857514 0.253311158093
100204 0 0.300449106129 0.286425842179 0.273767330494 0.358126061777 0.283477190067
100205 0 0.311710433138 0.314193534568 0.327168007027 0.30246700504 0.303013185917
100206 0 0.411555547591 0.396327316601 0.497062623722 0.293316145481 0.459516104562
100207 0 0.465891842835 0.483550864144 0.525032791941 0.439708375084 0.415275340171
100208 1 0.532662922065 0.525150239727 0.446734929968 0.721767165796 0.43699935277
100209 1 0.534199410775 0.644238621443 0.474369271653 0.587112941561 0.431076808444
100210 0 0.414193777616 0.531533114623 0.361745316012 0.368926004485 0.394570675343
100211 0 0.278680009203 0.291759262909 0.259611445042 0.270608548453 0.292740780409
100212 1 0.547011789729 0.546782727239 0.662799078274 0.486295859443 0.492169493959
100213 0 0.406488093381 0.390564004287 0.5216640358 0.403191084309 0.310533249129
100214 0 0.452510746389 0.46013568174 0.480731063174 0.555706061099 0.313470179543
100215 1 0.740959705955 0.717864977883 0.756207934992 0.739331218204 0.75043469274
100216 0 0.354559932184 0.345484319249 0.369476630575 0.332491115033 0.370787663879
100217 1 0.336155198351 0.342184865147 0.430277575217 0.269792729561 0.30236562348
100218 1 0.644929312768 0.557353031711 0.903995849186 0.63998904543 0.478379324746
100219 1 0.422689322971 0.476805130226 0.406637729234 0.406227608199 0.401086824226
100220 0 0.509249214245 0.727056181965 0.346615548114 0.635549116984 0.327776009917
100221 0 0.288421627629 0.179825016391 0.287987396821 0.38326155711 0.302612540195
100222 1 0.547968341469 0.402051859894 0.566327797718 0.562254486711 0.661239221554
100223 1 0.612850065793 0.761606165092 0.601283580345 0.683542507315 0.404968010421
100224 0 0.480484041552 0.478904642472 0.514490518773 0.460718960658 0.467822044306
100225 0 0.444699315486 0.458236326315 0.371337533073 0.502941055575 0.446282346982
100226 1 0.564135833939 0.549742177801 0.76878419865 0.423288838256 0.514728121049
100227 1 0.40526889037 0.598818552322 0.4225974101 0.434350604705 0.165308994354
100228 1 0.23998086048 0.36737818211 0.159382667618 0.277182088223 0.15598050397
100229 0 0.371207610052 0.448868017789 0.300562395504 0.325962193329 0.409437833584
100230 1 0.359263045884 0.423410957869 0.34930135254 0.370431864468 0.293908008658
100231 1 0.468086676513 0.489205695123 0.377511932169 0.548165321895 0.457463756865
100232 1 0.393578945494 0.419089535575 0.399782900364 0.454512117732 0.300931228305
100233 0 0.246009385688 0.198786277957 0.293402289417 0.209675431547 0.282173543829
100234 0 0.261197233493 0.331665350296 0.304846192411 0.209629568596 0.198647822671
100235 1 0.891956598886 0.928917018523 0.828160387031 0.891477007987 0.919271982003
100236 0 0.589843596258 0.600537223095 0.632511115603 0.587532085827 0.538793960508
100237 0 0.388578493987 0.502484366978 0.426139064167 0.220502332727 0.405188212075
100238 1 0.449740562564 0.459390262259 0.637692666227 0.376014056287 0.325865265482
100239 0 0.360544328041 0.321531623732 0.314923275376 0.426372949456 0.3793494636
100240 1 0.409179626274 0.373246027917 0.464473076267 0.457327462075 0.341671938837
100241 0 0.301842177481 0.352393497672 0.340370455432 0.205410203369 0.30919455345
100242 0 0.367279367442 0.452605352852 0.463298431037 0.316895251958 0.236318433922
100243 1 0.328047194276 0.325261502847 0.27393877451 0.362022077116 0.350966422633
100244 0 0.336225864148 0.324775834945 0.385758473567 0.326697366761 0.307671781318
100245 1 0.63153857441 0.629490084734 0.69734432382 0.624397829239 0.574922059846
100246 0 0.484964256716 0.542897899175 0.360480888988 0.532608896744 0.503869341956
100247 0 0.267592043016 0.251490201961 0.216873242407 0.388086056193 0.213918671504
100248 0 0.369043608819 0.321580736329 0.495812166625 0.241459734806 0.417321797518
100249 1 0.383388212998 0.393377283627 0.306856808445 0.33851028638 0.494808473538
100250 1 0.417112983099 0.398859685417 0.4319212977 0.385839681921 0.451831267358
100251 1 0.264589973636 0.31334146797 0.327811345193 0.201937042163 0.215270039216
100252 0 0.335578043907 0.243108876564 0.327687471986 0.411684074164 0.359831752914
100253 0 0.254945734936 0.243093417855 0.223793633756 0.319257178375 0.233638709757
100254 0 0.546933057095 0.583820823387 0.589039715811 0.50463725823 0.510234430953
100255 0 0.420919622392 0.558645183613 0.290177359366 0.3900997277 0.44475621889
100256 1 0.463146316964 0.384511685136 0.599406574495 0.446625887243 0.422041120981
100257 0 0.41767163307 0.456423459546 0.429859476211 0.415631523836 0.368772072686
100258 1 0.988191760097 0.984271950134 0.993840570017 0.978585946234 0.996068574002
100259 1 0.295850516521 0.212320496977 0.297522971717 0.382205778789 0.2913528186
100260 0 0.432921947931 0.531999942949 0.42534100706 0.421032681217 0.3533141605
100261 0 0.448835358507 0.398141001642 0.46462372339 0.400393127766 0.532183581231
100262 1 0.444339811322 0.449098899411 0.570282255392 0.402259380764 0.35571870972
100263 1 0.390531230575 0.312670665341 0.400062034744 0.473755591306 0.375636630907
100264 1 0.247207878696 0.237103186496 0.226777408965 0.187909554437 0.337041364888
100265 0 0.315369560474 0.356381843516 0.334077544949 0.235560411901 0.335458441528
100266 1 0.785345355834 0.855245835981 0.913025002461 0.573733680897 0.799376903997
100267 0 0.565744600668 0.69578852658 0.575116409952 0.591678291143 0.400395174998
100268 1 0.423978987059 0.418011661059 0.448078780072 0.383277153184 0.446548353923
100269 1 0.367771957773 0.393877439306 0.279160946236 0.508878152774 0.289171292777
100270 0 0.326153260151 0.293119230571 0.284380140202 0.328499810743 0.398613859086
100271 0 0.549104456954 0.511098137546 0.613025039019 0.576814635777 0.495480015475
100272 1 0.623388652694 0.638472459076 0.759237152531 0.473949434654 0.621895564514
100273 1 0.542730919989 0.483511219564 0.522472062749 0.459732243415 0.705208154228
100274 1 0.182858748447 0.199337204511 0.15048477013 0.143929405751 0.237683613398
100275 1 0.366059410291 0.396862196304 0.361139157735 0.354183071712 0.352053215413
100276 1 0.739027790784 0.745136326662 0.791912248008 0.618130101191 0.800932487277
100277 0 0.212247445806 0.276046857275 0.172314652222 0.19300016552 0.207628108206
100278 0 0.406299510777 0.411069883219 0.414731525518 0.43123998509 0.36815664928
100279 1 0.437348157945 0.383222510241 0.543328695421 0.366555488251 0.456285937866
100280 0 0.301948211283 0.290416225862 0.3685429399 0.204395433975 0.344438245395
100281 1 0.350448238023 0.386341214818 0.370345927398 0.326513732895 0.31859207698
100282 0 0.482629629781 0.447707664495 0.501088920009 0.503486795102 0.478235139518
100283 0 0.361827735202 0.396854837939 0.404179501262 0.396813098514 0.249463503092
100284 0 0.269527290897 0.209499396455 0.289711840411 0.238900169192 0.339997757531
100285 0 0.361158507159 0.35912110369 0.422371922163 0.319983729618 0.343157273165
100286 1 0.451290105484 0.457612345756 0.496193530879 0.422005143988 0.429349401312
100287 1 0.508886585272 0.46083362286 0.574794711946 0.44634102622 0.553576980062
100288 1 0.691910863408 0.735519221009 0.691176238828 0.69076372689 0.650184266905
100289 0 0.308659878622 0.233158077353 0.39480938237 0.276345654305 0.330326400462
100290 1 0.731752878052 0.759804447504 0.670844739067 0.762817345633 0.733544980004
100291 1 0.404052980264 0.382516569431 0.465374874056 0.44058620266 0.327734274908
100292 1 0.415425860123 0.367530258353 0.450830730186 0.344724284879 0.498618167076
100293 1 0.375162392454 0.403301095078 0.286641525184 0.424867162932 0.38583978662
100294 0 0.172787363304 0.173899423702 0.158842215522 0.137966085778 0.220441728212
100295 1 0.506593738201 0.411643522623 0.635147916581 0.503121210035 0.476462303566
100296 1 0.419725566329 0.400802597915 0.492206184481 0.393312237317 0.392581245603
100297 0 0.399817894598 0.432712249928 0.348119071681 0.46749138621 0.350948870573
100298 0 0.292737576911 0.399569777125 0.207115218715 0.240525636452 0.323739675351
100299 0 0.407960663133 0.360955815558 0.355789478203 0.452849471626 0.462247887146
100300 1 0.633128196267 0.37857665433 0.861801364958 0.49845170232 0.793683063459
100301 1 0.573462760476 0.611877157347 0.590096582351 0.63674966553 0.455127636674
100302 0 0.505172448268 0.540529973673 0.493284910395 0.573305882911 0.413569026095
100303 0 0.244429913708 0.284962441745 0.222915537984 0.24021444505 0.229627230052
100304 1 0.287256933761 0.326014019503 0.298516092893 0.239418835642 0.285078787008
100305 0 0.346413776148 0.25432503714 0.370435751398 0.321873204817 0.439021111238
100306 0 0.343601360521 0.31589896928 0.292005490245 0.361881466513 0.404619516048
100307 0 0.415911279787 0.576806473396 0.321533960992 0.388804868574 0.376499816187
100308 0 0.283076254188 0.364688883706 0.229929221493 0.18947411711 0.348212794442
100309 1 0.480260340099 0.4623790065 0.490087685818 0.426662520547 0.541912147532
100310 0 0.27021896478 0.209124974901 0.276566248988 0.332325145649 0.262859489583
100311 1 0.373488950522 0.377745129335 0.361236862082 0.426045699913 0.328928110757
100312 0 0.35727952564 0.42970230033 0.233824052912 0.466637178587 0.298954570731
100313 1 0.54218672856 0.449421041295 0.681059730114 0.513521562055 0.524744580775
100314 1 0.527515712962 0.627567942141 0.51600012898 0.537137142926 0.429357637803
100315 0 0.260471389444 0.341957175523 0.25472956871 0.235395669909 0.209803143634
100316 1 0.361656837135 0.395649154504 0.34135016959 0.385908912502 0.323719111944
100317 1 0.996620084872 0.997240454443 0.998023536306 0.993691593154 0.997524755585
100318 1 0.613336095408 0.620788934532 0.605005469591 0.628249205378 0.599300772132
100319 1 0.473324504899 0.499033591757 0.448764063684 0.429028401163 0.516471962992
100320 0 0.326431656527 0.260659100843 0.325477006509 0.241424688002 0.478165830754
100321 1 0.312085095343 0.318904006959 0.289095206107 0.374962849247 0.265378319057
100322 1 0.40453745323 0.367173897677 0.396509773053 0.402299113908 0.452167028283
100323 0 0.473547946191 0.44864521853 0.456170079302 0.409625177955 0.579751308975
100324 0 0.4600540619 0.424128654237 0.471684096995 0.492513675702 0.451889820666
100325 1 0.226828311922 0.171530184222 0.225285347415 0.25851322057 0.251984495483
100326 1 0.525819053325 0.453090081468 0.347229781902 0.676013617835 0.626942732094
100327 1 0.341163027495 0.445749630134 0.26355492781 0.429474297629 0.225873254405
100328 1 0.591173046107 0.542987228729 0.62271219442 0.671584185387 0.527408575893
100329 0 0.490786449804 0.566824357373 0.294291329729 0.522044837341 0.579985274772
100330 1 0.374019309322 0.438347199499 0.447137500479 0.296110283137 0.314482254172
100331 1 0.470618516667 0.423594880703 0.46938225218 0.431848613358 0.557648320428
100332 1 0.320245886369 0.316370843719 0.313520967823 0.378702729576 0.272389004358
100333 0 0.357051509559 0.393488747484 0.282601589654 0.40443760974 0.347678091356
100334 0 0.516478052748 0.473439593155 0.497678062127 0.583243111205 0.511551444504
100335 0 0.371106493127 0.381276059135 0.368729339494 0.328517370914 0.405903202965
100336 0 0.389764574006 0.440129512699 0.318373059374 0.419479315239 0.381076408713
100337 1 0.605185939003 0.510606042658 0.525634709082 0.713706911893 0.670796092378
100338 0 0.375708547275 0.289645217012 0.298134238675 0.386733035723 0.52832169769
100339 0 0.277594466701 0.350088209936 0.192767491233 0.363381619539 0.204140546095
100340 0 0.504067214745 0.468893598591 0.546687527786 0.470268688493 0.53041904411
100341 1 0.546700854791 0.459442184101 0.625144444993 0.536550994831 0.565665795238
100342 0 0.38966217891 0.354928267128 0.36658689111 0.419290178244 0.417843379156
100343 1 0.396609647997 0.387938875879 0.414871427482 0.439049563576 0.344578725052
100344 0 0.231754527997 0.26029566168 0.177949172534 0.252118665106 0.236654612668
100345 0 0.321982998743 0.324279915335 0.316657186303 0.32315485267 0.323840040663
100346 0 0.343353052871 0.318946210887 0.276616666383 0.446095671951 0.331753662265
100347 0 0.440575205273 0.436490517032 0.416309375204 0.536971401116 0.372529527739
100348 0 0.462017325284 0.396191467716 0.489693378087 0.465656282393 0.49652817294
100349 0 0.243863152138 0.239305661046 0.277472881486 0.161113623837 0.297560442184
100350 0 0.244651449148 0.20262028431 0.229650934862 0.233545167394 0.312789410025
100351 0 0.373446562872 0.349820271594 0.440248153262 0.370153012219 0.333564814411
100352 0 0.444715992298 0.399314332322 0.471420528579 0.522059625303 0.386069482988
100353 0 0.202389322655 0.205593244892 0.138034543293 0.28769551589 0.178233986543
100354 0 0.217651888862 0.202848238445 0.282886549424 0.241677927724 0.143194839855
100355 0 0.333437618361 0.316691590021 0.345689044788 0.364205275852 0.307164562782
100356 0 0.442602239968 0.439284485979 0.496663691144 0.391178352777 0.443282429973
100357 0 0.316027459194 0.375479616416 0.300682040298 0.260892660141 0.327055519919
100358 0 0.388709344724 0.421777543247 0.472970608181 0.331460477066 0.328628750403
100359 0 0.31953673661 0.330454223713 0.465403332243 0.253886466496 0.228402923987
100360 0 0.358792314782 0.443884894942 0.240316084124 0.495827578562 0.255140701501
100361 0 0.539335027182 0.476894438682 0.612497638308 0.502277451258 0.565670580482
100362 0 0.498493298291 0.552021575505 0.472574265216 0.567793868317 0.401583484127
100363 0 0.322556656299 0.270803695804 0.395101752098 0.365211697369 0.259109479925
100364 0 0.392211126717 0.40602563124 0.367623833317 0.36182283635 0.433372205961
100365 0 0.375590450517 0.414000132681 0.312080443085 0.40696934833 0.369311877973
100366 1 0.35621065073 0.364359913467 0.282774835386 0.251593216843 0.526114637226
100367 0 0.423116894318 0.558810489873 0.431547009515 0.422510946818 0.279599131065
100368 1 0.425702817803 0.514452090115 0.338697367066 0.406500294617 0.443161519412
100369 1 0.438743331486 0.488560308266 0.452068600686 0.407685938179 0.406658478815
100370 1 0.515907197024 0.427730747205 0.5340144358 0.545889448019 0.555994157074
100371 0 0.390560872333 0.446440034661 0.354014775774 0.379158123429 0.382630555468
100372 0 0.172069873927 0.252884941827 0.0916454328982 0.188217342044 0.15553177894
100373 0 0.363092227543 0.291721731807 0.381615033331 0.333649957493 0.44538218754
100374 0 0.312589118442 0.356001105675 0.366820263651 0.220986163006 0.306548941435
100375 0 0.395454970825 0.432043187143 0.483419391106 0.335340986404 0.331016318647
100376 0 0.379301470471 0.443633520995 0.307061241021 0.307952345421 0.458558774448
100377 1 0.520065323567 0.487746573009 0.412916944745 0.529340544938 0.650257231575
100378 0 0.33286233877 0.352847181835 0.407342242261 0.251955342039 0.319304588944
100379 0 0.352338101608 0.489585488526 0.337950875413 0.269565355328 0.312250687165
100380 1 0.256770205065 0.237666625508 0.244499248811 0.281773354815 0.263141591127
100381 1 0.995766159582 0.997290432829 0.993230152789 0.994577335069 0.997966717639
100382 1 0.428604319182 0.433806237198 0.611827185311 0.389622907983 0.279160946236
100383 0 0.284863884437 0.376844429276 0.267758068779 0.208273944247 0.286579095448
100384 1 0.327498589986 0.341373870194 0.39414460564 0.29244876879 0.282027115321
100385 0 0.318895393465 0.35102209045 0.338240249829 0.314201337575 0.272117896005
100386 0 0.309168838092 0.37199267071 0.296057318578 0.29557890116 0.273046461921
100387 0 0.48152746747 0.604359077856 0.325855507298 0.486931829578 0.508963455146
100388 1 0.659631101012 0.631072808793 0.730141927661 0.71517502914 0.562134638455
100389 0 0.528907039552 0.583731460691 0.483468478775 0.481055657081 0.56737256166
100390 1 0.308095473397 0.25667180077 0.246241179651 0.241646938923 0.487821974246
100391 1 0.436464284467 0.510033250504 0.423952683091 0.317586021587 0.494285182686
100392 0 0.24101620967 0.240760017801 0.258781183393 0.224417895992 0.240105741496
100393 1 0.263501180562 0.237076992867 0.256207195653 0.286334817474 0.274385716255
100394 1 0.327160693955 0.339618687534 0.370684955262 0.268840088063 0.329499044962
100395 1 0.462286706127 0.516413913475 0.375612692196 0.616320189128 0.34080002971
100396 1 0.481476908033 0.383237067081 0.577114429674 0.466399652131 0.499156483248
100397 0 0.365333760529 0.303327233406 0.402201484059 0.387818345533 0.367987979118
100398 0 0.330263552354 0.397460112606 0.357507538976 0.325971723445 0.240114834389
100399 1 0.995804363341 0.995211307315 0.996933080757 0.99385647325 0.997216592042
100400 0 0.381505508027 0.524589610261 0.306398814906 0.381350948828 0.313682658112
100401 1 0.401488368021 0.368775054915 0.398514824608 0.37778457859 0.46087901397
100402 1 0.448061547666 0.37857665433 0.310927193666 0.568225106222 0.534517236446
100403 1 0.603164057461 0.588299472786 0.670771082148 0.601981882203 0.551603792706
100404 1 0.829988736187 0.842286977156 0.824837337336 0.864553837248 0.788276793007
100405 1 0.494472898165 0.526327364611 0.530875471012 0.491617053809 0.429071703228
100406 0 0.519625180192 0.491822865585 0.374433145284 0.635647034441 0.576597675458
100407 1 0.401007370715 0.304892425163 0.432137822945 0.438604140259 0.428395094494
100408 0 0.337714736335 0.283572111547 0.374184871669 0.347828303481 0.345273658644
100409 0 0.321451334686 0.345751426583 0.306177565386 0.323864647522 0.310011699253
100410 0 0.193162951766 0.188222433988 0.138333828565 0.215253900924 0.230841643587
100411 0 0.414995794946 0.487625794701 0.561451196791 0.421048471775 0.189857716516
100412 1 0.36074984101 0.322307246733 0.415968528063 0.429784585179 0.274939004066
100413 1 0.891684094843 0.90344750789 0.891214542827 0.872642967327 0.899431361327
100414 1 0.260283600573 0.318192656733 0.297905417382 0.236087972681 0.188948355497
100415 1 0.270646945152 0.226346529816 0.338023186646 0.307916522954 0.210301541194
100416 0 0.40753917935 0.344977704903 0.52507006599 0.397772532314 0.362336414195
100417 0 0.272259669549 0.299351481382 0.220058297332 0.286076632279 0.283552267202
100418 0 0.252596452977 0.262726199138 0.290777460804 0.250961295838 0.20592085613
100419 0 0.271013252413 0.263352807623 0.231959979647 0.338488360999 0.250251861382
100420 0 0.307206929344 0.347911484006 0.282603584729 0.329010629756 0.269302018886
100421 1 0.535301949164 0.609407197137 0.55081445404 0.511055060731 0.46993108475
100422 1 0.356001181226 0.479927027408 0.285900428889 0.302903440566 0.355273828042
100423 1 0.534257083485 0.483241268617 0.545502733526 0.511003184656 0.597281147142
100424 0 0.262310431919 0.23413119432 0.31246703482 0.251117268452 0.251526230084
100425 0 0.391001913739 0.466242807144 0.41915593755 0.290662655202 0.387946255058
100426 1 0.575043947021 0.583024857755 0.591023204391 0.60901234281 0.517115383129
100427 1 0.457376682913 0.422708523692 0.391087270123 0.555423966696 0.460286971141
100428 0 0.312947444935 0.375589759681 0.384619180205 0.288025466996 0.20355537286
100429 0 0.283075039167 0.268377975905 0.268841467619 0.277014141323 0.31806657182
100430 1 0.7454511217 0.794517565939 0.724446732793 0.713212776113 0.749627411955
100431 1 0.362623371681 0.0781643976734 0.59301071715 0.10108456989 0.678233802012
100432 0 0.354901949088 0.34753146621 0.255950627382 0.414046314321 0.402079388437
100433 1 0.638083730666 0.654541343679 0.63840505978 0.632466416423 0.626922102782
100434 1 0.293177373796 0.330951271174 0.256188569471 0.24993879716 0.335630857379
100435 1 0.482117794537 0.396080398264 0.568272414291 0.247701900148 0.716416465444
100436 0 0.468153200245 0.494950929664 0.538437479028 0.430755832005 0.408468560284
100437 0 0.395525012016 0.259646380526 0.537054807738 0.36866190061 0.416736959192
100438 1 0.481683752614 0.511391943217 0.550783569744 0.43011028281 0.434449214683
100439 1 0.652727522109 0.865945110557 0.735749446723 0.615115874881 0.394099656276
100440 0 0.357738547397 0.389626640749 0.307873655934 0.359093866925 0.374360025978
100441 0 0.305575874234 0.251098041397 0.438562221489 0.278550743171 0.25409249088
100442 0 0.613009499452 0.595387025833 0.600303172073 0.561615979215 0.694731820686
100443 1 0.178524799625 0.146447298625 0.173298442418 0.223891132182 0.170462325274
100444 1 0.597403976929 0.547507226182 0.621362991112 0.607064934078 0.613680756344
100445 0 0.411468553586 0.536739036114 0.319762939495 0.373130166779 0.416242071957
100446 1 0.597811290058 0.645665054493 0.494585992988 0.543556871377 0.707437241375
100447 0 0.269507753697 0.363947166209 0.283612275097 0.235912150591 0.194559422891
100448 0 0.416279765402 0.484917767363 0.474839090193 0.381752637452 0.323609566601
100449 0 0.345224188526 0.455822925536 0.358245093408 0.334170875747 0.232657859414
100450 1 0.460959666168 0.47559509448 0.453437744981 0.530383589452 0.38442223576
100451 0 0.258910556421 0.246895755769 0.257922306067 0.317355742784 0.213468421064
100452 0 0.32341312143 0.374694804516 0.360992489683 0.359221283395 0.198743908128
100453 1 0.291330067861 0.261174585366 0.345562996503 0.267998694278 0.290583995295
100454 0 0.549407974073 0.514174200664 0.611830377648 0.537271428605 0.534355889374
100455 0 0.307255606725 0.304422593397 0.258061546349 0.326270740473 0.34026754668
100456 1 0.40610717148 0.509816427729 0.302518681227 0.377437698176 0.434655878789
100457 0 0.322339677751 0.423158531325 0.373045372286 0.265711685279 0.227443122114
100458 0 0.362647463784 0.381541853519 0.304333718111 0.455201522737 0.309512760768
100459 0 0.381422850452 0.301867029672 0.432985674274 0.508991808704 0.281846889159
100460 0 0.595817765797 0.575662404995 0.633617264432 0.631568890494 0.542422503268
100461 0 0.29394958583 0.349102944182 0.292187526799 0.305765215871 0.228742656469
100462 0 0.42500413163 0.453704244164 0.421892207415 0.491319657834 0.333100417107
100463 0 0.416455901909 0.407691916315 0.386428735403 0.514427298854 0.357275657065
100464 0 0.447156367635 0.451131640623 0.411728009654 0.383707633638 0.542058186626
100465 0 0.216143166376 0.322898243588 0.140767961545 0.168163888046 0.232742572325
100466 0 0.280869371325 0.283949447381 0.312633317267 0.329000718682 0.19789400197
100467 1 0.386511911371 0.408896265382 0.48468815978 0.293565633451 0.358897586872
100468 0 0.20364027538 0.155080145607 0.189471535155 0.201428686309 0.268580734448
100469 1 0.425412379179 0.342306697616 0.544899414772 0.388197843803 0.426245560525
100470 1 0.44940767046 0.447235481486 0.370894112472 0.523618786166 0.455882301716
100471 0 0.314444362717 0.245266238097 0.442516869302 0.238517938471 0.331476404997
100472 0 0.175712131766 0.165328684592 0.162886141034 0.123711648996 0.250922052442
100473 0 0.257881958136 0.24064980983 0.277388841853 0.229754056608 0.283735124253
100474 0 0.451558810913 0.453932207259 0.472030805849 0.408087187056 0.472185043489
100475 0 0.410496454913 0.447475515359 0.292441789484 0.391494800325 0.510573714484
100476 0 0.363868075497 0.484010594532 0.335888872195 0.338570185295 0.297002649966
100477 0 0.354219335895 0.395951774371 0.256351360134 0.343598282738 0.420975926336
100478 0 0.390102635445 0.492727426045 0.338834481376 0.42105585551 0.307792778847
100479 0 0.445471985928 0.397645677473 0.504312174046 0.399336291982 0.48059380021
100480 1 0.668969599353 0.746816314879 0.606860492017 0.708188492216 0.6140130983
100481 0 0.452985947817 0.449755758948 0.428921838796 0.442006057983 0.491260135542
100482 1 0.980641216979 0.982608946652 0.974549765418 0.980747316192 0.984658839654
100483 1 0.339299140524 0.297920780601 0.431775711491 0.335777761498 0.291722308505
100484 1 0.597136131819 0.555739589796 0.718911358925 0.556054734882 0.557838843673
100485 0 0.330224763439 0.233391668355 0.395589170643 0.337131683925 0.354786530832
100486 0 0.312348375901 0.337310437478 0.27643207064 0.268020151555 0.367630843931
100487 0 0.540043081993 0.503493601859 0.537962216663 0.546858002283 0.571858507167
100488 0 0.485314828702 0.400762728962 0.520951276461 0.531941076022 0.487604233365
100489 0 0.407480814776 0.344847570956 0.477205972014 0.385341980544 0.42252773559
100490 1 0.562840733699 0.580203658301 0.548352712692 0.537499239074 0.585307324728
100491 1 0.311621086241 0.323806585606 0.26018215399 0.358675638896 0.303819966473
100492 0 0.26044635985 0.199396738621 0.305203313619 0.320434238524 0.216751148635
100493 0 0.304395444302 0.342748823828 0.277607338531 0.329156154837 0.268069460011
100494 0 0.388013061669 0.440079552115 0.358220571209 0.361333584086 0.392418539265
100495 1 0.581758191041 0.29112965405 0.682533619964 0.498304856142 0.855064634008
100496 1 0.583942544883 0.565724006568 0.661218009909 0.511681778035 0.597146385021
100497 0 0.285569434553 0.30082062522 0.30896761329 0.217354250553 0.315135249151
100498 1 0.649138030496 0.639236681996 0.60629708845 0.726384975456 0.624633376082
100499 0 0.282830986773 0.414474303052 0.231554343957 0.253659454724 0.231635845357
100500 0 0.429117855972 0.419013096646 0.45657142194 0.381444792493 0.45944211281
100501 0 0.352164420041 0.31677490094 0.389284553889 0.335061793377 0.367536431958
100502 1 0.555231113921 0.531021528704 0.590559815633 0.620908762665 0.478434348681
100503 1 0.769637968469 0.633067229553 0.872544506026 0.653839531575 0.919100606721
100504 0 0.417121643393 0.3935123252 0.460497028279 0.427198717367 0.387278502728
100505 1 0.437361185807 0.594546782721 0.388049074684 0.419896690139 0.346952195684
100506 0 0.264330185343 0.25210230249 0.332665991587 0.267259041957 0.205293405336
100507 0 0.319339908389 0.390991712741 0.287869574906 0.249735917882 0.348762428027
100508 0 0.371585305908 0.377294250923 0.400453527104 0.388829167171 0.319764278436
100509 0 0.392621653357 0.375346017151 0.40296632476 0.42098889086 0.371185380658
100510 1 0.4440521914 0.489107700806 0.441214079367 0.400284478169 0.445602507258
100511 0 0.435104799614 0.492349922786 0.416605199196 0.391101245188 0.440362831288
100512 0 0.568661581933 0.491108622925 0.591653315712 0.543306778392 0.648577610703
100513 1 0.341240907328 0.324457954858 0.477690592472 0.37857665433 0.184238427654
100514 1 0.484507288875 0.44699444753 0.599959585356 0.490188808286 0.400886314326
100515 0 0.484540065299 0.429713538397 0.526609390546 0.543668066479 0.438169265774
100516 1 0.260303882377 0.332742162168 0.208538865113 0.272482914837 0.227451587389
100517 0 0.273937797584 0.305652492008 0.25266719287 0.247809385776 0.289622119682
100518 0 0.395553224513 0.53130358279 0.26502454797 0.414433100594 0.371451666698
100519 0 0.510972970925 0.555050454498 0.576636762946 0.46143123527 0.450773430984
100520 1 0.504706391769 0.494227493885 0.606396937883 0.435728466224 0.482472669086
100521 1 0.70110369929 0.638178076602 0.808622255364 0.606391298663 0.751223166529
100522 0 0.314055446351 0.343198794597 0.277554974617 0.251995517585 0.383472498604
100523 1 0.81397544709 0.865007673428 0.825811208171 0.734093543368 0.830989363393
100524 0 0.559540866906 0.6264490341 0.571648387796 0.51296079848 0.527105247248
100525 1 0.592747833054 0.636937331232 0.522420715685 0.600340701339 0.61129258396
100526 0 0.504667787488 0.370681774578 0.706880451154 0.408234671092 0.532874253126
100527 1 0.22337411805 0.281350414439 0.214488657234 0.225710133261 0.171947267267
100528 0 0.411528715778 0.405228894122 0.43360752359 0.410902544783 0.396375900617
100529 1 0.563934263107 0.600017213621 0.627664498905 0.507195776244 0.520859563658
100530 0 0.437705550296 0.442426601848 0.416650700322 0.521196496724 0.370548402291
100531 1 0.351540894922 0.393681474635 0.331914349533 0.352959450835 0.327608304683
100532 1 0.264407388254 0.307570644062 0.330016041818 0.189992559936 0.230050307199
100533 1 0.515982224514 0.438817056484 0.649844780229 0.472594770487 0.502672290855
100534 1 0.474239075798 0.474398937065 0.562448788677 0.411480598825 0.448627978623
100535 0 0.205148874184 0.204573159765 0.174932001588 0.240767950599 0.200322384784
100536 0 0.355334892521 0.2705896233 0.545009519945 0.408286446106 0.197453980733
100537 1 0.372999091803 0.382211735519 0.363406757652 0.455645337246 0.290732536794
100538 0 0.286047685692 0.285631134227 0.261331658487 0.321861281906 0.275366668149
100539 0 0.199891727614 0.219421606415 0.215496086751 0.195813172113 0.168836045178
100540 1 0.975949221368 0.973654965633 0.98609496354 0.952236162397 0.991810793901
100541 0 0.286324031724 0.280670300001 0.296786786368 0.304336764912 0.263502275614
100542 0 0.281077361679 0.388367612876 0.245934240958 0.226987204597 0.263020388283
100543 0 0.414986635045 0.533495997111 0.369841122625 0.449407766099 0.307201654343
100544 0 0.355703861207 0.487706130643 0.360602685174 0.32850993384 0.24599669517
100545 1 0.374917203102 0.321827514214 0.438960410951 0.338003779406 0.400877107839
100546 1 0.295370529783 0.329584910835 0.239680975874 0.282898323049 0.329317909374
100547 1 0.601865581271 0.615492983518 0.758103857648 0.479679083005 0.554186400911
100548 1 0.309571388166 0.38717399981 0.268152749853 0.228930764403 0.354028038598
100549 1 0.393686209922 0.420237550027 0.391857353626 0.370645690685 0.392004245351
100550 1 0.427056467413 0.358750927554 0.377857815309 0.515665888467 0.45595123832
100551 0 0.219184241359 0.259257464816 0.179908856234 0.236815714076 0.20075493031
100552 0 0.392853042335 0.317662659371 0.470683363879 0.309343510131 0.47372263596
100553 1 0.753025648511 0.762353067518 0.80078851782 0.677267476651 0.771693532054
100554 0 0.264233854061 0.197149469231 0.348039192679 0.328989553189 0.182757201145
100555 0 0.324385701955 0.312715073127 0.367257343081 0.318555840081 0.299014551531
100556 0 0.335944859137 0.405930419288 0.316127933266 0.195181555353 0.426539528642
100557 1 0.306736232795 0.276645395555 0.354218792679 0.256729102991 0.339351639954
100558 0 0.154658767281 0.0972949629403 0.144456271779 0.267301054426 0.109582779979
100559 0 0.284837912437 0.312366821228 0.354634112532 0.236831327321 0.235519388668
100560 0 0.321051645763 0.334940990339 0.325812199002 0.317984682904 0.305468710805
100561 0 0.391315702825 0.380346021643 0.375089795981 0.449925604557 0.35990138912
100562 0 0.265624848182 0.379854425445 0.149919221861 0.295219673881 0.237506071541
100563 1 0.736305579874 0.710367181667 0.720003315856 0.767059259376 0.747792562599
100564 0 0.215578645899 0.17329448634 0.221580648297 0.224693486372 0.242745962587
100565 0 0.310399930187 0.367378583293 0.44704107158 0.178148063391 0.249032002485
100566 1 0.437714009117 0.497615120173 0.422295684583 0.427652276595 0.403292955116
100567 0 0.320557313554 0.276011397442 0.421932375707 0.291321007648 0.292964473421
100568 0 0.255165091491 0.214331832763 0.250459371622 0.277744780486 0.278124381094
100569 0 0.304184648114 0.373570519325 0.343085684077 0.213794314054 0.286288074999
100570 1 0.423776437593 0.491065555024 0.473260831718 0.334170537914 0.396608825715
100571 0 0.401697630342 0.414125803878 0.323253583159 0.36660384101 0.50280729332
100572 1 0.48262295531 0.489997498335 0.458771598115 0.531652309868 0.450070414923
100573 1 0.341600878514 0.353415134701 0.343646006363 0.410211150082 0.259131222911
100574 1 0.437781129005 0.43764024974 0.472735332997 0.357650277233 0.483098656052
100575 0 0.347693068528 0.363182924375 0.391387076773 0.319301701982 0.316900570982
100576 1 0.7881051119 0.85181306459 0.702957421868 0.772824564144 0.824825396997
100577 0 0.325351163594 0.373904454122 0.284907615064 0.260816966696 0.381775618494
100578 1 0.424633971277 0.46537558293 0.428800984734 0.448685424557 0.355673892888
100579 0 0.355997574611 0.394235226622 0.327417156331 0.415122912637 0.287215002853
100580 1 0.318220197348 0.344618047112 0.312631928831 0.308073459206 0.307557354243
100581 0 0.26515884026 0.273270836829 0.248271503539 0.274979287419 0.264113733255
100582 0 0.346962042223 0.316909299107 0.386066348898 0.348731383346 0.33614113754
100583 1 0.491436355444 0.522986049033 0.522327976271 0.510134913651 0.410296482822
100584 1 0.524675907986 0.516018739589 0.591376689513 0.526194850301 0.465113352541
100585 0 0.274841297514 0.25005846882 0.298752924513 0.26626811378 0.284285682943
100586 0 0.401202356617 0.450341829188 0.410043671278 0.31489918016 0.429524745842
100587 0 0.287812976263 0.235423189868 0.243683610929 0.253075004755 0.419070099502
100588 0 0.565156640341 0.614303019129 0.520206275092 0.634148516117 0.491968751025
100589 1 0.450671773508 0.487730910748 0.489922931087 0.395106258949 0.429926993248
100590 1 0.534111330995 0.488650163439 0.538706203682 0.639228537637 0.469860419221
100591 0 0.455944776305 0.492969136847 0.348765810426 0.332634704049 0.649409453897
100592 1 0.435190338098 0.523866283995 0.370319114211 0.501623376982 0.344952577205
100593 0 0.532422082833 0.490870192945 0.597402038281 0.560275198306 0.4811409018
100594 0 0.43304093216 0.305989289714 0.467397915034 0.399422228049 0.559354295844
100595 1 0.451608030224 0.505979249008 0.473036877132 0.401660047111 0.425755947646
100596 1 0.402137172635 0.392488233265 0.533828156609 0.407502125898 0.274730174767
100597 0 0.374242146877 0.43933549084 0.304538241852 0.37857665433 0.374518200487
100598 0 0.497174807372 0.490922457262 0.595448011185 0.42393437198 0.47839438906
100599 0 0.354259385555 0.387556793204 0.377165072827 0.366151143058 0.286164533132
100600 1 0.339010575708 0.35485333292 0.311987504268 0.350280703173 0.338920762471
100601 0 0.428272906258 0.470728319456 0.517127263565 0.43768950483 0.287546537181
100602 1 0.36597358579 0.400947540561 0.29060889215 0.351061323198 0.421276587249
100603 0 0.383414360655 0.297496087238 0.518137103416 0.343110061162 0.374914190804
100604 1 0.58305039066 0.555727851435 0.559118847778 0.566234318461 0.651120544966
100605 0 0.387621676101 0.388177280847 0.410489692759 0.44141361972 0.310406111077
100606 0 0.386415576985 0.345270724436 0.418428918954 0.357572538592 0.424390125958
100607 1 0.306555273475 0.311821288825 0.235448972141 0.373660638586 0.305290194349
100608 0 0.471709445447 0.37857665433 0.744276685441 0.456339655797 0.307644786222
100609 0 0.296058320868 0.365958535409 0.334790667116 0.26759853262 0.215885548325
100610 1 0.47803884913 0.317746036923 0.58119142691 0.378720718024 0.634497214663
100611 0 0.285112395785 0.228235679385 0.300640952335 0.351484950772 0.260088000647
100612 1 0.384735891567 0.380941949058 0.419253883167 0.317495494138 0.421252239907
100613 1 0.313633890497 0.369540708843 0.304457030104 0.413686358858 0.166851464182
100614 0 0.460986693533 0.496109768776 0.401514420116 0.494424359996 0.451898225245
100615 0 0.390700280755 0.437534188942 0.445476484812 0.317088672936 0.362701776331
100616 0 0.435935538202 0.438914828979 0.4666485084 0.426567220565 0.411611594862
100617 1 0.50928972536 0.575089141368 0.345055875464 0.570601028226 0.54641285638
100618 1 0.462820996463 0.594898529594 0.426771840723 0.404211804852 0.425401810683
100619 1 0.571806427051 0.567988414224 0.616819637195 0.564165787961 0.538251868824
100620 1 0.384638882115 0.392489021733 0.371995390122 0.402092439811 0.371978676792
100621 0 0.430535067281 0.467870823483 0.46458582915 0.413635895791 0.376047720699
100622 0 0.366843249012 0.330608838571 0.40562329075 0.309144769437 0.421996097289
100623 1 0.297052669761 0.277195511 0.241840217883 0.384341908401 0.284833041762
100624 0 0.223732003037 0.263456468759 0.223256389865 0.166402271757 0.241812881765
100625 0 0.313111508858 0.260037406887 0.35922470193 0.316178448664 0.317005477951
100626 1 0.682594895282 0.551350501718 0.863408495748 0.47036981677 0.845250766891
100627 0 0.550131406788 0.596739229015 0.477275698225 0.538113067984 0.588397631928
100628 0 0.400813416503 0.436185000925 0.464832211842 0.344598218331 0.357638234916
100629 0 0.434034202965 0.533293842431 0.422613464885 0.384539207873 0.395690296671
100630 0 0.303277345656 0.328945749527 0.298049165762 0.271598447533 0.3145160198
100631 1 0.344920779865 0.293349230709 0.381378747444 0.365393171424 0.339561969882
100632 0 0.457426663432 0.477688903356 0.422293551805 0.408695668305 0.521028530261
100633 1 0.818430484553 0.792005599842 0.813226627151 0.759142145926 0.909347565291
100634 1 0.388383370916 0.363674232391 0.366845204267 0.474240916587 0.348773130418
100635 0 0.557794727276 0.518056692161 0.578438638813 0.582981145822 0.551702432307
100636 1 0.33526850313 0.300598761897 0.413081273617 0.351944627226 0.275449349779
100637 1 0.283055081332 0.399131052054 0.227726410909 0.276873655622 0.228489206744
100638 0 0.405396904203 0.336798238288 0.415447851163 0.487653847239 0.381687680121
100639 0 0.393390781932 0.280489786693 0.379459226408 0.434261488115 0.479352626512
100640 0 0.421807731618 0.154544178912 0.658693539634 0.418806620034 0.455186587892
100641 1 0.475572220216 0.331932057962 0.500564346752 0.426041475929 0.643751000221
100642 1 0.432453554773 0.420856249078 0.382876177518 0.466357533131 0.459724259365
100643 0 0.466374827576 0.473739603831 0.49406205964 0.41361149444 0.484086152392
100644 1 0.371071437515 0.362379171603 0.491944451755 0.341128271852 0.288833854849
100645 0 0.448381242054 0.543468354582 0.348502865874 0.421130270455 0.480423477306
100646 0 0.324008332361 0.340384551036 0.319283743985 0.362921696838 0.273443337584
100647 0 0.196271764577 0.206696494509 0.191279477805 0.133251738269 0.253859347725
100648 0 0.345194135716 0.311441246641 0.369596728219 0.36049712606 0.339241441944
100649 0 0.441358133989 0.498944619027 0.434821723295 0.436950910067 0.394715283567
100650 1 0.446557535482 0.445759789892 0.478522959312 0.404034403832 0.457912988894
100651 0 0.464289816947 0.444974224577 0.411863484097 0.4198031848 0.580518374316
100652 0 0.291737714646 0.384487881122 0.207392713103 0.273697080881 0.301373183479
100653 1 0.347853168602 0.34376789465 0.365821518575 0.376121512127 0.305701749054
100654 0 0.298844512624 0.289715105171 0.281633249786 0.263733634316 0.360296061224
100655 0 0.361279843518 0.45444160308 0.327238016164 0.279160946236 0.384278808592
100656 1 0.3872593166 0.422190651688 0.339993582722 0.339337204663 0.447515827327
100657 0 0.304931869275 0.22370161039 0.421843069473 0.253980836676 0.32020196056
100658 0 0.27367384519 0.348370170009 0.22696443047 0.287069590039 0.232291190242
100659 1 0.428056236155 0.420795191747 0.375153101711 0.414240469261 0.5020361819
100660 0 0.446648560182 0.489707057475 0.520740925092 0.405827220566 0.370319037597
100661 1 0.306926804196 0.319106401977 0.375209236921 0.242644011684 0.2907475662
100662 0 0.373852406865 0.41352515342 0.376872312606 0.369040155489 0.335972005947
100663 1 0.420284478779 0.467838698237 0.382619888907 0.393518105705 0.437161222268
100664 0 0.47967301066 0.43428619489 0.484311114653 0.471006906338 0.529087826758
100665 1 0.717119896474 0.585695471238 0.846926070333 0.533130970276 0.902727074048
100666 1 0.414836008554 0.42718909721 0.348548168533 0.420833741015 0.462773027458
100667 0 0.45421718451 0.453405436066 0.438057533169 0.504652338716 0.420753430088
100668 1 0.549847349545 0.556862852637 0.561000952522 0.48878915628 0.592736436743
100669 0 0.271269201546 0.214432092071 0.290435058101 0.292924041989 0.287285614023
100670 1 0.251914401721 0.286379191797 0.270225725657 0.205236274786 0.245816414646
100671 1 0.527691224044 0.5328468258 0.528310652038 0.551653262779 0.49795415556
100672 1 0.217093072817 0.255477137788 0.139080978383 0.234050133738 0.23976404136
100673 0 0.29675579392 0.242140802449 0.316855923374 0.269160435077 0.358866014779
100674 1 0.495500228121 0.501214154455 0.422515711746 0.649960521968 0.408310524316
100675 1 0.493045695836 0.320497551429 0.722997760971 0.501485347438 0.427202123506
100676 0 0.282460483294 0.340153652965 0.263511708088 0.259357447871 0.266819124252
100677 0 0.368707894812 0.37857665433 0.406230507593 0.339838945336 0.350185471991
100678 1 0.42604457031 0.315765822145 0.501441412889 0.365231880379 0.521739165827
100679 1 0.249769187028 0.19553898745 0.284932994629 0.250531943313 0.268072822721
100680 0 0.50422048726 0.517237874002 0.54643907512 0.568954002401 0.384250997519
100681 1 0.35078296171 0.388094021039 0.369846910836 0.241406915093 0.403783999874
100682 0 0.502514476979 0.27098908867 0.67588925281 0.568739781604 0.494439784831
100683 0 0.334494280145 0.31440027342 0.267837539254 0.454127135101 0.301612172804
100684 1 0.458640907568 0.423246201209 0.585791046427 0.336177543552 0.489348839086
100685 0 0.343212035434 0.335648226247 0.39733030044 0.379181620986 0.260687994063
100686 0 0.380922379211 0.46568207421 0.423558735497 0.410028433041 0.224420274097
100687 1 0.270732432965 0.310258322971 0.171329289366 0.382112033914 0.219230085608
100688 1 0.590760421245 0.485373541957 0.621774230164 0.606285231637 0.649608681223
100689 0 0.48444794686 0.303464698313 0.530060716777 0.403519144554 0.700747227795
100690 1 0.447068700755 0.435938882118 0.503066625528 0.394218339095 0.45505095628
100691 0 0.325394515217 0.2713837935 0.395210028721 0.290965081235 0.344019157412
100692 0 0.322034611117 0.267799584641 0.315306089986 0.399307461898 0.305725307941
100693 0 0.281242972387 0.133090830506 0.55501240542 0.36737710007 0.0694915535536
100694 1 0.246032354708 0.22452894214 0.253429543115 0.3040280158 0.202142917775
100695 0 0.317757891737 0.270815887596 0.436380689653 0.339752758023 0.224082231676
100696 1 0.449434357766 0.44086774437 0.466737039246 0.430297539505 0.459835107941
100697 1 0.411978840285 0.407148470412 0.437991648248 0.406874633728 0.395900608752
100698 1 0.355027143462 0.370009022131 0.387255940374 0.371052703226 0.291790908115
100699 1 0.392845044117 0.504535334801 0.442697760215 0.331825521038 0.292321560416
100700 0 0.407906043118 0.407977957467 0.38774286762 0.419895089486 0.416008257899
100701 1 0.371020640492 0.364300444338 0.405638148423 0.436086920871 0.278057048338
100702 0 0.317458333968 0.254808474815 0.386232771592 0.302103314471 0.326688774995
100703 1 0.407858078383 0.406662172389 0.424307825962 0.313536898414 0.486925416769
100704 1 0.338758366075 0.409045662746 0.387895981034 0.267817634092 0.290274186427
100705 0 0.325884854447 0.299888603918 0.448672205344 0.258739060504 0.296239548023
100706 0 0.255476999478 0.248514723235 0.293341434323 0.24751661324 0.232535227113
100707 1 0.443397415545 0.423734341049 0.437160853325 0.421075151629 0.491619316177
100708 1 0.421571502489 0.398389364294 0.562312164076 0.358452288292 0.367132193294
100709 0 0.393089055097 0.366176340708 0.629559912228 0.201678053287 0.374941914164
100710 0 0.374995302928 0.478597047275 0.200103991631 0.358188027949 0.463092144857
100711 1 0.405790980575 0.49151161226 0.356667705738 0.388980105358 0.386004498943
100712 1 0.433133423151 0.415340799872 0.598628231074 0.375746109424 0.342818552233
100713 1 0.516708012778 0.590129742936 0.456733042263 0.475970675513 0.5439985904
100714 1 0.389507912547 0.37857665433 0.401128686741 0.574451220939 0.203875088177
100715 0 0.364096117505 0.328789987558 0.368339715115 0.446572043649 0.312682723699
100716 1 0.465103812789 0.423850163152 0.474863752263 0.496040057954 0.465661277786
100717 0 0.345263673469 0.383718436938 0.336322745089 0.32552828231 0.335485229541
100718 0 0.254612775477 0.240986695274 0.325430515723 0.192736429388 0.259297461524
100719 0 0.341322236105 0.262491563171 0.366652148791 0.388760416001 0.347384816457
100720 0 0.464313221652 0.450475535371 0.461712235147 0.566742432672 0.378322683416
100721 0 0.3119099386 0.375131669306 0.36501709251 0.246500347921 0.260990644661
100722 1 0.47424460994 0.435220429445 0.503578923029 0.488355439747 0.46982364754
100723 0 0.260726382085 0.229127657535 0.30449457196 0.302825949294 0.206457349553
100724 0 0.413037130489 0.407400109754 0.435189630127 0.47321495951 0.336343822566
100725 0 0.214443810211 0.323864101874 0.161168694576 0.172825643244 0.199916801149
100726 1 0.458313684394 0.433795588941 0.32906945213 0.621208734099 0.449180962406
100727 0 0.371464633444 0.321022386181 0.490982319783 0.336159185924 0.337694641889
100728 1 0.792967890384 0.761182521578 0.780036379129 0.812257511086 0.818395149742
100729 0 0.287991219632 0.328047438286 0.363464972026 0.229383691529 0.231068776686
100730 0 0.393190748098 0.319851519996 0.464850509925 0.44618995999 0.341871002481
100731 1 0.432978280619 0.404506453658 0.424169009984 0.493380574582 0.409857084251
100732 0 0.29021159281 0.28696333925 0.257502093337 0.321983489407 0.294397449246
100733 1 0.707858857525 0.76162460809 0.766222990455 0.673639991286 0.629947840268
100734 1 0.393462373243 0.273911803952 0.376067185043 0.32927458552 0.594595918456
100735 0 0.580923815115 0.661532950907 0.655140995942 0.466864187298 0.540157126312
100736 1 0.57416031668 0.706303787644 0.39199298948 0.579709462994 0.618635026603
100737 0 0.344402430379 0.352288803343 0.396389699731 0.285377087237 0.343554131206
100738 1 0.434071944024 0.446793786188 0.312349690185 0.466019532362 0.511124767359
100739 0 0.532895711226 0.485959080017 0.599728326187 0.566735458178 0.479159980523
100740 1 0.433528268205 0.461134876248 0.509045995021 0.30602099051 0.457911211041
100741 0 0.282992240415 0.265076211592 0.280334544032 0.323216701167 0.263341504869
100742 1 0.276334167535 0.289937873497 0.278886807604 0.319357717802 0.217154271235
100743 1 0.172641203161 0.13229456201 0.270060354714 0.193274451585 0.0949354443348
100744 1 0.364757602187 0.321894988072 0.483471287199 0.368653861009 0.28501027247
100745 0 0.341193402838 0.32915775254 0.281398341503 0.272204410284 0.482013107027
100746 1 0.38355717555 0.383061802165 0.492159166372 0.401511007593 0.25749672607
100747 1 0.536759917434 0.457250797482 0.609634476929 0.501936814345 0.578217580981
100748 0 0.382108740653 0.281502652376 0.415998302154 0.365880481087 0.465053526995
100749 0 0.245263982218 0.255596781712 0.253648867461 0.259129424178 0.21268085552
100750 0 0.309469186252 0.334607975591 0.247712214392 0.346594798651 0.308961756376
100751 1 0.552609128766 0.558298588264 0.527073783705 0.551083547738 0.573980595355
100752 0 0.43947709835 0.400062884669 0.509374178668 0.41870354774 0.429767782323
100753 1 0.46905576955 0.548581949073 0.459260451479 0.438195353762 0.430185323885
100754 1 0.567390335921 0.578081228696 0.623912258724 0.537199641862 0.530368214401
100755 0 0.284100478487 0.208743844421 0.256204930092 0.418553837332 0.252899302103
100756 1 0.31663234822 0.307580397879 0.3366721087 0.353530242972 0.26874664333
100757 0 0.258847926961 0.244409166712 0.287063004929 0.225078121654 0.27884141455
100758 0 0.309984628949 0.361130542267 0.354774190491 0.268622330043 0.255411452994
100759 1 0.461317134658 0.729146803362 0.286502666168 0.448130893158 0.381488175946
100760 0 0.352696755071 0.413782248747 0.343201235841 0.311792260715 0.342011274982
100761 0 0.260039701566 0.295788361064 0.193616668141 0.347524928452 0.203228848607
100762 1 0.588233665685 0.509019772014 0.643369206826 0.535441797237 0.665103886663
100763 1 0.396836121935 0.549432715246 0.301295460828 0.366410642145 0.37020566952
100764 1 0.424231115756 0.420887435325 0.439713180793 0.427390200861 0.408933646044
100765 0 0.190921384859 0.220148711688 0.131867021036 0.214017726846 0.197652079865
100766 1 0.734162185698 0.665175305508 0.738783677632 0.663782109856 0.868907649797
100767 0 0.410137254051 0.338052952679 0.461359421818 0.443850289414 0.397286352294
100768 0 0.293241011304 0.362655907872 0.219721357003 0.283516296872 0.307070483469
100769 0 0.293261593682 0.302921763134 0.311296082423 0.253430052695 0.305398476475
100770 0 0.325176321108 0.265723605287 0.273688953471 0.475927015022 0.285365710651
100771 0 0.438345935683 0.417756754465 0.407325874404 0.438552984239 0.489748129624
100772 0 0.221190706033 0.308113983547 0.251999932584 0.149083813988 0.175565094012
100773 0 0.449150080561 0.550358514257 0.431748809843 0.461689031712 0.352803966432
100774 0 0.325028973174 0.207864733036 0.417757640617 0.277311669863 0.39718184918
100775 0 0.389418135855 0.397758476586 0.314488362657 0.486535425936 0.358890278241
100776 0 0.324959321631 0.34196175459 0.283772240802 0.39553154834 0.278571742791
100777 0 0.335470356927 0.3659698594 0.313125322702 0.427499591129 0.235286654479
100778 1 0.433605845025 0.452906208295 0.508991374405 0.351372274454 0.421153522947
100779 1 0.32778356417 0.259481546945 0.439306408693 0.329747792352 0.282598508691
100780 0 0.383910466656 0.388905900985 0.413134414923 0.390811929802 0.342789620913
100781 0 0.313409952809 0.288286690571 0.304921002825 0.211991167752 0.448440950088
100782 0 0.353928865737 0.252961693691 0.331806601783 0.409778313832 0.421168853643
100783 1 0.251439904835 0.170024749344 0.297206577192 0.195066117763 0.343462175042
100784 0 0.464803399879 0.425037365412 0.518119348279 0.491365314886 0.424691570937
100785 0 0.304776609816 0.254802928968 0.367827964696 0.290409660389 0.306065885212
100786 0 0.446463440735 0.501428272414 0.569008559533 0.3791805809 0.336236350094
100787 0 0.32060097747 0.389331453522 0.297399677918 0.375937791293 0.219734987147
100788 0 0.294932405095 0.27011361316 0.355176721787 0.299892019792 0.254547265641
100789 0 0.323085163982 0.321688417949 0.338425919094 0.26763092296 0.364595395923
100790 0 0.435561633565 0.51900122967 0.380445779447 0.479518058574 0.363281466571
100791 1 0.281154378147 0.221592508153 0.357532599358 0.247907535516 0.297584869559
100792 0 0.248303161499 0.279563204468 0.21833330294 0.212116178587 0.283199960001
100793 0 0.598639609779 0.617303886056 0.568567465569 0.644142295305 0.564544792187
100794 0 0.550259014278 0.57208018926 0.53041870729 0.484381596038 0.614155564523
100795 0 0.374108475976 0.295123667745 0.354339413054 0.419250678767 0.427720144337
100796 1 0.334878476502 0.305449654764 0.276514687272 0.384556078849 0.372993485122
100797 0 0.275193272538 0.29107298256 0.280616245102 0.36737710007 0.161706762419
100798 0 0.307903637939 0.300974038875 0.345906547014 0.275569069851 0.309164896015
100799 0 0.496376045559 0.526251576498 0.456639986638 0.537488920648 0.46512369845
100800 1 0.545228320254 0.70818842802 0.505759923172 0.481740103683 0.485224826141
100801 1 0.408911217845 0.386046022617 0.464693439474 0.486615796791 0.298289612499
100802 0 0.37862235648 0.3967000618 0.309156748499 0.429821118921 0.378811496702
100803 0 0.335968449745 0.301309185306 0.402830567001 0.358395720598 0.281338326077
100804 0 0.254677754129 0.292251718135 0.237715626002 0.265772587752 0.222971084627
100805 0 0.37707819154 0.328335299921 0.389455576605 0.347599886802 0.442922002833
100806 0 0.259081288676 0.257510010005 0.262105881509 0.234576014752 0.282133248439
100807 0 0.287712290005 0.28089982019 0.201311516077 0.323281608024 0.345356215728
100808 1 0.336934366606 0.457434044544 0.430441906516 0.265315412156 0.194546103209
100809 1 0.692693712601 0.60361994973 0.917354139511 0.408579443701 0.841221317462
100810 0 0.326631472847 0.34194168747 0.30219967115 0.37938166472 0.283002868047
100811 1 0.532068386486 0.485579509943 0.586438087378 0.598426278967 0.457829669654
100812 0 0.290347069519 0.270952926961 0.322346727409 0.290071070364 0.278017553343
100813 1 0.341492180454 0.389761749224 0.378623218698 0.280790056214 0.31679369768
100814 1 0.300958917266 0.311566754751 0.285096028525 0.358388435704 0.248784450082
100815 0 0.574843874638 0.543080315078 0.544320849996 0.600924440654 0.611049892823
100816 0 0.393177573055 0.335675797874 0.412325767043 0.382679826683 0.442028900622
100817 1 0.429166502658 0.406637921927 0.453581934499 0.466132625407 0.3903135288
100818 0 0.300363146217 0.274219649341 0.350953433019 0.374537033991 0.201742468519
100819 0 0.310525379092 0.276002251827 0.365165308612 0.360216439903 0.240717516028
100820 0 0.277353054218 0.269962532988 0.289937247597 0.290128747612 0.259383688673
100821 0 0.386713581711 0.328133046658 0.268486825035 0.578962914223 0.371271540926
100822 0 0.287421817548 0.234521225073 0.334788589416 0.331653811603 0.248723644101
100823 1 0.383734661105 0.295098118242 0.315221211269 0.435769376755 0.488849938154
100824 1 0.486703588787 0.415621117444 0.566419460055 0.552762211636 0.412011566013
100825 1 0.31607029047 0.380154844653 0.287383253643 0.269758508235 0.32698455535
100826 0 0.417158825955 0.452404115653 0.453555090023 0.342942567169 0.419733530976
100827 0 0.2742822845 0.230577715193 0.31408945723 0.327935984911 0.224525980667
100828 0 0.276752804396 0.18204412237 0.400659269898 0.21475256026 0.309555265056
100829 0 0.158910297409 0.135736515035 0.20216260704 0.161071084903 0.13667098266
100830 0 0.655221540394 0.42173740285 0.876293610904 0.711220401459 0.611634746365
100831 1 0.442829451357 0.499829674301 0.433144113407 0.433219613108 0.405124404614
100832 0 0.425012130692 0.362379922725 0.451148752635 0.541817348618 0.344702498788
100833 0 0.370879341917 0.394248861272 0.381870363653 0.39413012205 0.313268020692
100834 1 0.424812216166 0.489107047377 0.425973451582 0.426476339254 0.357692026452
100835 0 0.34140331601 0.370271064979 0.329098119733 0.340124095345 0.326119983984
100836 0 0.169374854211 0.13553632422 0.181198146287 0.144501956962 0.216262989374
100837 1 0.794764482826 0.891478974252 0.80675382568 0.760494102549 0.720331028824
100838 0 0.397888410275 0.354543909812 0.453477777748 0.379854892151 0.40367706139
100839 1 0.324395741764 0.335069998677 0.447450288729 0.247140555024 0.267922124627
100840 0 0.154248368244 0.19606026453 0.104987623362 0.160388787194 0.155556797891
100841 1 0.472425202326 0.516668133076 0.345653949187 0.441211660038 0.586167067002
100842 0 0.276823509601 0.312478014194 0.283848351947 0.2723912661 0.238576406164
100843 1 0.547166987489 0.622200170235 0.525491887261 0.699405972234 0.341569920225
100844 0 0.456400190162 0.568000492307 0.3387280423 0.4827183694 0.43615385664
100845 0 0.423993393472 0.516104226942 0.338494281571 0.366037628523 0.47533743685
100846 0 0.222167119371 0.196872779662 0.200341183627 0.252889658255 0.238564855941
100847 1 0.448184077486 0.44441119217 0.502106859044 0.422747847758 0.423470410971
100848 0 0.384404972203 0.524617855623 0.318041473867 0.338651817577 0.356308741744
100849 0 0.274589081609 0.306780922216 0.213246653681 0.299246792427 0.279081958113
100850 1 0.484093522876 0.494987713576 0.606242191088 0.373992264683 0.461151922158
100851 1 0.290011936555 0.373594512354 0.175147291206 0.415655848883 0.195650093778
100852 0 0.314706732452 0.386418883695 0.253544512803 0.305493645926 0.313369887383
100853 1 0.534812073274 0.62825437608 0.458640776856 0.587104238475 0.465248901684
100854 0 0.412390639367 0.507317881944 0.409244805098 0.421282290574 0.31171757985
100855 1 0.384196337431 0.305151330344 0.468787576357 0.326282821035 0.436563621987
100856 1 0.813600595526 0.843969367794 0.780011646344 0.804609963264 0.825811404702
100857 1 0.523712882493 0.463944940852 0.504828446825 0.513538766453 0.612539375841
100858 0 0.370845145453 0.430204558116 0.341377399293 0.365304821243 0.346493803158
100859 1 0.450845569264 0.423302521324 0.61565346809 0.272350700094 0.492075587548
100860 1 0.484331179039 0.527979686301 0.436202584172 0.477451529713 0.495690915971
100861 0 0.231371418753 0.183244753684 0.295922274431 0.297245634667 0.149073012229
100862 0 0.484284789549 0.50258150141 0.518234903055 0.407043057158 0.509279696573
100863 0 0.316911180171 0.35316638746 0.255278324132 0.314538522949 0.344661486142
100864 0 0.435307865883 0.415413695085 0.34608019862 0.545854545855 0.433883023971
100865 0 0.354849190282 0.405466486274 0.456667914722 0.286614732248 0.270647627885
100866 1 0.525242014428 0.446155234576 0.454386076818 0.529269252767 0.671157493551
100867 1 0.445987543837 0.603697826365 0.325749286397 0.490364002761 0.364139059823
100868 1 0.757811270662 0.74664327299 0.71805271576 0.724697838085 0.841851255815
100869 1 0.41278771807 0.585731676695 0.393719437305 0.219995321247 0.451704437034
100870 0 0.385973645319 0.323974836799 0.419302608458 0.423314726766 0.377302409254
100871 1 0.488274071277 0.489373315727 0.530237054262 0.425003719598 0.50848219552
100872 1 0.401227384181 0.568512670172 0.312578594896 0.439479808469 0.284338463187
100873 0 0.334407910293 0.237272069506 0.376210066902 0.393956896924 0.330192607841
100874 0 0.33401026079 0.379534894919 0.416453012087 0.259061074235 0.28099206192
100875 0 0.371887446432 0.387966079302 0.327394684372 0.364431823633 0.407757198422
100876 1 0.244392569681 0.264509881504 0.221745706114 0.253282301 0.238032390105
100877 0 0.412188183692 0.592307181841 0.138808420695 0.811756768058 0.105880364174
100878 1 0.507220099166 0.485439738862 0.539575643674 0.450169541549 0.553695472577
100879 0 0.355804046943 0.28258320821 0.339014612174 0.369072432386 0.432545935
100880 1 0.810634083353 0.826738616073 0.827078926098 0.73437850312 0.854340288121
100881 0 0.354260923032 0.466087520265 0.347779930669 0.34451386693 0.258662374264
100882 1 0.552429280597 0.539041241974 0.580328801959 0.486148469431 0.604198609023
100883 0 0.232473410045 0.185646770967 0.191163235885 0.33950278951 0.213580843817
100884 0 0.284642382234 0.242797031083 0.304699685752 0.274041100806 0.317031711293
100885 1 0.310225833326 0.392672186001 0.279658013967 0.308790391838 0.259782741496
100886 0 0.30340141565 0.29544859436 0.265932217469 0.374356423107 0.277868427665
100887 0 0.360791426976 0.370444706436 0.341231620919 0.439492366363 0.291997014185
100888 1 0.447313131542 0.40828750679 0.522160070472 0.425217020865 0.433587928041
100889 0 0.502843097364 0.449965247539 0.514940761175 0.60461032657 0.441856054171
100890 1 0.396255252413 0.461528570107 0.379308196189 0.366200989287 0.37798325407
100891 0 0.340749690934 0.335603561446 0.291642292894 0.475412032783 0.260340876612
100892 0 0.406310232956 0.46944705444 0.459992063391 0.37857665433 0.317225159663
100893 0 0.433225992389 0.379945301377 0.348160717286 0.446500681881 0.558297269012
100894 1 0.501739865016 0.480011606043 0.495702075119 0.485050737408 0.546195041493
100895 0 0.27596656899 0.368586134837 0.243544851043 0.302466123755 0.189269166327
100896 0 0.29091752024 0.298904388052 0.407133083158 0.224743133771 0.232889475978
100897 0 0.206429292546 0.181731456764 0.160947169817 0.210044569399 0.272993974204
100898 0 0.230032555659 0.195292203997 0.262336854611 0.288391872798 0.17410929123
100899 0 0.39710974592 0.366005584867 0.422327312282 0.456977013412 0.343129073117
100900 1 0.504407098477 0.524257763076 0.478626285774 0.450758801637 0.563985543421
100901 0 0.230686313498 0.280378270899 0.206754422205 0.247261346788 0.188351214099
100902 0 0.405526121134 0.393463457998 0.44297068076 0.343977490895 0.441692854883
100903 1 0.432851725075 0.385963938132 0.500275950681 0.473622469174 0.371544542314
100904 1 0.369968578034 0.461949384084 0.34122725222 0.356782278511 0.319915397322
100905 1 0.465658979631 0.559010500988 0.429302186211 0.492526830659 0.381796400668
100906 0 0.461037847527 0.489503727421 0.409526086968 0.446173555835 0.498948019884
100907 0 0.365819515319 0.307426231322 0.358023568478 0.348154959327 0.449673302151
100908 1 0.381114682178 0.344332733552 0.360562090298 0.310207649698 0.509356255166
100909 1 0.317829031825 0.224326359178 0.366873435432 0.300546859599 0.37956947309
100910 0 0.299525887149 0.28540200927 0.350736465112 0.287235004406 0.274730069806
100911 0 0.353818688958 0.330594339858 0.329040730966 0.296343312978 0.459296372029
100912 1 0.615347967387 0.588204412866 0.70645245665 0.59074569576 0.57598930427
100913 1 0.364639738308 0.285316085882 0.360598003244 0.339026700457 0.473618163651
100914 1 0.448731748627 0.354058598193 0.406207325177 0.484870658916 0.549790412222
100915 0 0.222431186471 0.224609542706 0.211405831405 0.15142167838 0.302287693392
100916 1 0.429607906049 0.416129894928 0.364635079395 0.37336129248 0.564305357393
100917 0 0.37467882453 0.357264063776 0.472685290347 0.372210883629 0.29655506037
100918 1 0.977113012597 0.977859337809 0.971164920475 0.977587121765 0.981840670337
100919 0 0.332194587958 0.371266694083 0.243662911203 0.319598448012 0.394250298535
100920 1 0.469228583479 0.464130275707 0.523875273122 0.431025575141 0.457883209946
100921 0 0.264790475243 0.276342757611 0.266456797548 0.220218715364 0.29614363045
100922 1 0.322969820278 0.248778507865 0.348729483818 0.368873306764 0.325497982666
100923 0 0.300165623978 0.275496662736 0.282915924436 0.397297943556 0.244951965185
100924 1 0.409018986064 0.445744916067 0.414618457077 0.403870648365 0.371841922749
100925 1 0.478389259349 0.469617271116 0.532851871973 0.482288415565 0.428799478743
100926 0 0.356782600505 0.336892585646 0.304281063937 0.349517894635 0.436438857802
100927 1 0.446812404347 0.451189549983 0.52004217953 0.453792616526 0.36222527135
100928 1 0.610046242475 0.503696498822 0.687298315794 0.533227247926 0.715962907359
100929 1 0.973433002799 0.974653929166 0.984598830683 0.939252441775 0.995226809573
100930 1 0.252579349762 0.299106159918 0.274544213758 0.220565244025 0.216101781348
100931 0 0.312171028025 0.305004774551 0.32876491691 0.37857665433 0.23633776631
100932 1 0.484116128422 0.385520788787 0.423955492511 0.583081799247 0.543906433142
100933 0 0.309847713771 0.360581392327 0.254915510856 0.369254111957 0.254639839946
100934 0 0.292524259712 0.332453092539 0.269678874846 0.280859455863 0.287105615601
100935 1 0.488287704593 0.406993375833 0.501038946065 0.476598979115 0.568519517359
100936 0 0.532448951028 0.535651747971 0.547693910158 0.571958360495 0.47449178549
100937 0 0.163061367788 0.170715309644 0.174892812836 0.192497350567 0.114139998106
100938 1 0.326537576644 0.319954485103 0.440560185784 0.222024500641 0.323611135049
100939 0 0.361442589691 0.422866237603 0.304988389783 0.47973804547 0.238177685909
100940 1 0.316275269371 0.374570830606 0.258489948949 0.385529794665 0.246510503263
100941 1 0.336289205852 0.303573575464 0.323090381655 0.422552549881 0.295940316409
100942 0 0.458590508726 0.584988697102 0.346350634319 0.448700637816 0.454322065669
100943 0 0.322724442349 0.376465413465 0.327700899827 0.334103213743 0.252628242361
100944 1 0.659690524907 0.722489285342 0.753048249639 0.592850825719 0.570373738926
100945 1 0.743276944473 0.86050621319 0.640214381661 0.812242294735 0.660144888305
100946 1 0.368983112052 0.403531951054 0.260701384944 0.340517447645 0.471181664564
100947 0 0.481403440084 0.488162212431 0.475120172273 0.507013414038 0.455317961595
100948 1 0.401730025167 0.417025082006 0.399008492931 0.399244213917 0.391642311812
100949 1 0.50010149555 0.548986930425 0.499142508632 0.496685166349 0.455591376796
100950 0 0.318025431916 0.273828296367 0.321732384181 0.307535426347 0.36900562077
100951 0 0.250849593401 0.330274985017 0.152968231442 0.220249090146 0.299906066999
100952 1 0.41912863046 0.509211066408 0.514870022078 0.316640840762 0.335792592591
100953 1 0.522686409139 0.564966402619 0.644356858878 0.417015216139 0.46440715892
100954 1 0.446633725808 0.363697953511 0.574954036818 0.411826393144 0.436056519759
100955 0 0.267557434438 0.263405403327 0.221622392996 0.278451119832 0.306750821598
100956 1 0.332412080998 0.277655340974 0.24547151723 0.335368869262 0.471152596525
100957 0 0.247285306553 0.260817351817 0.235079429441 0.28687284431 0.206371600644
100958 0 0.335849724339 0.335240206491 0.326825797761 0.333333158433 0.347999734673
100959 1 0.476789274764 0.385449500591 0.591427123867 0.426772259025 0.503508215572
100960 0 0.362767019877 0.427523633587 0.314553598943 0.389387730494 0.319603116483
100961 1 0.382563879336 0.389179044601 0.464524983652 0.341845628021 0.334705861068
100962 0 0.383875845049 0.39393777505 0.473182595025 0.330741550318 0.337641459803
100963 0 0.494027865989 0.536491429199 0.547900465394 0.346075898292 0.54564367107
100964 0 0.309562294036 0.295650496327 0.363211449556 0.252371392626 0.327015837634
100965 1 0.471761165821 0.417117036119 0.536068880038 0.391130563865 0.542728183264
100966 0 0.507825738609 0.43829624713 0.595318207641 0.508647957886 0.489040541778
100967 0 0.2904894186 0.350699499955 0.228519625555 0.229984783363 0.352753765525
100968 1 0.48463139875 0.434247758946 0.591345765426 0.535414988657 0.377517081969
100969 0 0.267764506613 0.276818276728 0.262527708888 0.303027140426 0.228684900408
100970 0 0.558050462966 0.535584455799 0.512976123062 0.608163801472 0.57547747153
100971 0 0.542106867534 0.590413239505 0.401198243139 0.635026251448 0.541789736045
100972 0 0.228252573912 0.163727959887 0.186353946137 0.277480765125 0.285447624499
100973 1 0.382951533557 0.545963530748 0.245308840954 0.365966290564 0.37456747196
100974 1 0.489205832247 0.493661753503 0.487549130825 0.551274882476 0.424337562185
100975 1 0.412781909076 0.331338337771 0.462477519179 0.42466185786 0.432649921495
100976 0 0.4382243636 0.344306649821 0.560288661521 0.426832602355 0.421469540701
100977 1 0.472162196323 0.478518464307 0.46928616219 0.503581902029 0.437262256765
100978 0 0.372050093586 0.411801134083 0.350022282781 0.484624120285 0.241752837195
100979 1 0.525244191103 0.327272400387 0.809541935987 0.422200099785 0.541962328252
100980 0 0.328508005749 0.264281298368 0.349800552885 0.38019427986 0.319755891883
100981 1 0.89247651209 0.895817655316 0.871027023776 0.886463761857 0.91659760741
100982 0 0.35042493569 0.396560482875 0.29852257552 0.337798261956 0.368818422407
100983 0 0.389478054939 0.412099616104 0.434720634371 0.321883044058 0.389208925225
100984 1 0.256582223003 0.267441791798 0.346070320186 0.19740355634 0.215413223687
100985 0 0.412284922698 0.392036013319 0.469830067452 0.443682940348 0.343590669671
100986 1 0.455997152134 0.506121299758 0.419547728169 0.45983456749 0.43848501312
100987 1 0.389339742867 0.435689919715 0.435686698506 0.333472614416 0.352509738832
100988 1 0.544112043799 0.542371752575 0.578830830894 0.565613057715 0.489632534011
100989 1 0.357827202139 0.289510955032 0.455356471893 0.417219495369 0.26922188626
100990 0 0.372839531163 0.433308992259 0.351230929873 0.294146627365 0.412671575156
100991 0 0.305913678902 0.264338057212 0.365329804298 0.209996113766 0.383990740333
100992 1 0.750516326605 0.811691837177 0.762143514753 0.695796341917 0.732433612572
100993 0 0.444986401483 0.548333669888 0.409230954161 0.434576060966 0.387804920916
100994 0 0.309735489391 0.273542353378 0.330339803689 0.296196709154 0.338863091345
100995 1 0.502774953756 0.50024740258 0.581219492001 0.470999514521 0.458633405923
100996 0 0.335012034394 0.302174105212 0.322707913046 0.35335164613 0.361814473189
100997 0 0.541979493136 0.515197452361 0.488848588621 0.554580880158 0.609291051404
100998 1 0.49176393513 0.508211765978 0.416345860216 0.49979480031 0.542703314018
100999 1 0.559640634592 0.533531578468 0.564935828746 0.500031709397 0.640063421756
